Elevation cor (3,3) 0.25m add bat road gully
ncols         106
nrows         118
xllcorner     620787.75
yllcorner     6876342.25
cellsize      2.0
NODATA_value  -9999
-9999.000 -9999.000 -9999.000 -9999.000 -9999.000 -9999.000 -9999.000 -9999.000 -9999.000 -9999.000 -9999.000 -9999.000 -9999.000 -9999.000 -9999.000 -9999.000 -9999.000 -9999.000 -9999.000 -9999.000 -9999.000 -9999.000 -9999.000 -9999.000 -9999.000 -9999.000 -9999.000 -9999.000 -9999.000 -9999.000 -9999.000 -9999.000 -9999.000 -9999.000 -9999.000 -9999.000 -9999.000 -9999.000 -9999.000 -9999.000 -9999.000 -9999.000 -9999.000 -9999.000 -9999.000 -9999.000 -9999.000 -9999.000 -9999.000 -9999.000 -9999.000 -9999.000 -9999.000 -9999.000 -9999.000 -9999.000 -9999.000 -9999.000 -9999.000 -9999.000 -9999.000 -9999.000 -9999.000 -9999.000 -9999.000 -9999.000 -9999.000 -9999.000 -9999.000 -9999.000 -9999.000 -9999.000 -9999.000 -9999.000 -9999.000 -9999.000 -9999.000 -9999.000 46.971 47.341 47.552 47.569 47.413 47.009 46.456 46.145 -9999.000 -9999.000 -9999.000 -9999.000 -9999.000 -9999.000 -9999.000 -9999.000 -9999.000 -9999.000 -9999.000 -9999.000 -9999.000 -9999.000 -9999.000 -9999.000 -9999.000 -9999.000 -9999.000 -9999.000
-9999.000 -9999.000 -9999.000 -9999.000 -9999.000 -9999.000 -9999.000 -9999.000 -9999.000 -9999.000 -9999.000 -9999.000 -9999.000 -9999.000 -9999.000 -9999.000 -9999.000 -9999.000 -9999.000 -9999.000 -9999.000 -9999.000 -9999.000 -9999.000 -9999.000 -9999.000 -9999.000 -9999.000 -9999.000 -9999.000 -9999.000 -9999.000 -9999.000 -9999.000 -9999.000 -9999.000 -9999.000 -9999.000 -9999.000 -9999.000 -9999.000 -9999.000 -9999.000 -9999.000 -9999.000 -9999.000 -9999.000 -9999.000 -9999.000 -9999.000 -9999.000 -9999.000 -9999.000 -9999.000 -9999.000 -9999.000 -9999.000 -9999.000 -9999.000 -9999.000 -9999.000 -9999.000 -9999.000 -9999.000 -9999.000 -9999.000 -9999.000 -9999.000 -9999.000 -9999.000 -9999.000 -9999.000 -9999.000 45.596 45.871 46.024 46.178 46.480 46.864 47.447 47.457 47.444 47.315 46.865 46.265 46.046 -9999.000 -9999.000 -9999.000 -9999.000 -9999.000 -9999.000 -9999.000 -9999.000 -9999.000 -9999.000 -9999.000 -9999.000 -9999.000 -9999.000 -9999.000 -9999.000 -9999.000 -9999.000 -9999.000 -9999.000
-9999.000 -9999.000 -9999.000 -9999.000 -9999.000 -9999.000 -9999.000 -9999.000 -9999.000 -9999.000 -9999.000 -9999.000 -9999.000 -9999.000 -9999.000 -9999.000 -9999.000 -9999.000 -9999.000 -9999.000 -9999.000 -9999.000 -9999.000 -9999.000 -9999.000 -9999.000 -9999.000 -9999.000 -9999.000 -9999.000 -9999.000 -9999.000 -9999.000 -9999.000 -9999.000 -9999.000 -9999.000 -9999.000 -9999.000 -9999.000 -9999.000 -9999.000 -9999.000 -9999.000 -9999.000 -9999.000 -9999.000 -9999.000 -9999.000 -9999.000 -9999.000 -9999.000 -9999.000 -9999.000 -9999.000 -9999.000 -9999.000 -9999.000 -9999.000 -9999.000 -9999.000 -9999.000 -9999.000 -9999.000 -9999.000 -9999.000 -9999.000 45.083 45.027 45.030 45.081 45.181 45.427 45.447 45.588 45.741 46.014 46.380 46.734 47.085 47.254 47.281 47.140 46.637 45.988 45.979 -9999.000 -9999.000 -9999.000 -9999.000 -9999.000 -9999.000 -9999.000 -9999.000 -9999.000 -9999.000 -9999.000 -9999.000 -9999.000 -9999.000 -9999.000 -9999.000 -9999.000 -9999.000 -9999.000 -9999.000
-9999.000 -9999.000 -9999.000 -9999.000 -9999.000 -9999.000 -9999.000 -9999.000 -9999.000 -9999.000 -9999.000 -9999.000 -9999.000 -9999.000 -9999.000 -9999.000 -9999.000 -9999.000 -9999.000 -9999.000 -9999.000 -9999.000 -9999.000 -9999.000 -9999.000 -9999.000 -9999.000 -9999.000 -9999.000 -9999.000 -9999.000 -9999.000 -9999.000 -9999.000 -9999.000 -9999.000 -9999.000 -9999.000 -9999.000 -9999.000 -9999.000 -9999.000 -9999.000 -9999.000 -9999.000 -9999.000 -9999.000 -9999.000 -9999.000 -9999.000 -9999.000 -9999.000 -9999.000 -9999.000 -9999.000 -9999.000 -9999.000 -9999.000 -9999.000 -9999.000 -9999.000 -9999.000 44.978 45.009 45.039 45.052 45.042 44.996 44.975 44.997 45.062 45.183 45.265 45.354 45.468 45.669 45.921 46.216 46.524 46.839 47.049 47.143 47.029 46.457 45.848 45.749 -9999.000 -9999.000 -9999.000 -9999.000 -9999.000 -9999.000 -9999.000 -9999.000 -9999.000 -9999.000 -9999.000 -9999.000 -9999.000 -9999.000 -9999.000 -9999.000 -9999.000 -9999.000 -9999.000 -9999.000
-9999.000 -9999.000 -9999.000 -9999.000 -9999.000 -9999.000 -9999.000 -9999.000 -9999.000 -9999.000 -9999.000 -9999.000 -9999.000 -9999.000 -9999.000 -9999.000 -9999.000 -9999.000 -9999.000 -9999.000 -9999.000 -9999.000 -9999.000 -9999.000 -9999.000 -9999.000 -9999.000 -9999.000 -9999.000 -9999.000 -9999.000 -9999.000 -9999.000 -9999.000 -9999.000 -9999.000 -9999.000 -9999.000 -9999.000 -9999.000 -9999.000 -9999.000 -9999.000 -9999.000 -9999.000 -9999.000 -9999.000 -9999.000 -9999.000 -9999.000 -9999.000 -9999.000 -9999.000 -9999.000 -9999.000 -9999.000 -9999.000 44.815 44.840 44.840 44.889 44.942 44.967 45.035 45.026 45.014 44.998 44.957 44.994 45.019 45.074 45.157 45.230 45.334 45.461 45.606 45.824 46.041 46.361 46.706 46.933 47.050 46.974 46.221 45.779 45.793 45.846 -9999.000 -9999.000 -9999.000 -9999.000 -9999.000 -9999.000 -9999.000 -9999.000 -9999.000 -9999.000 -9999.000 -9999.000 -9999.000 -9999.000 -9999.000 -9999.000 -9999.000 -9999.000 -9999.000
-9999.000 -9999.000 -9999.000 -9999.000 -9999.000 -9999.000 -9999.000 -9999.000 -9999.000 -9999.000 -9999.000 -9999.000 -9999.000 -9999.000 -9999.000 -9999.000 -9999.000 -9999.000 -9999.000 -9999.000 -9999.000 -9999.000 -9999.000 -9999.000 -9999.000 -9999.000 -9999.000 -9999.000 -9999.000 -9999.000 -9999.000 -9999.000 -9999.000 -9999.000 -9999.000 -9999.000 -9999.000 -9999.000 -9999.000 -9999.000 -9999.000 -9999.000 -9999.000 -9999.000 -9999.000 -9999.000 -9999.000 -9999.000 -9999.000 -9999.000 -9999.000 44.538 44.595 44.637 44.655 44.729 44.728 44.730 44.781 44.849 44.910 45.006 45.032 45.029 44.983 44.968 44.999 44.981 44.990 45.043 45.068 45.145 45.212 45.292 45.428 45.560 45.765 46.024 46.314 46.624 47.028 46.875 46.738 45.968 45.824 45.878 45.890 -9999.000 -9999.000 -9999.000 -9999.000 -9999.000 -9999.000 -9999.000 -9999.000 -9999.000 -9999.000 -9999.000 -9999.000 -9999.000 -9999.000 -9999.000 -9999.000 -9999.000 -9999.000 -9999.000
-9999.000 -9999.000 -9999.000 -9999.000 -9999.000 -9999.000 -9999.000 -9999.000 -9999.000 -9999.000 -9999.000 -9999.000 -9999.000 -9999.000 -9999.000 -9999.000 -9999.000 -9999.000 -9999.000 -9999.000 -9999.000 -9999.000 -9999.000 -9999.000 -9999.000 -9999.000 -9999.000 -9999.000 -9999.000 -9999.000 -9999.000 -9999.000 -9999.000 -9999.000 -9999.000 -9999.000 -9999.000 -9999.000 -9999.000 -9999.000 -9999.000 -9999.000 -9999.000 -9999.000 -9999.000 -9999.000 44.159 44.186 44.264 44.351 44.460 44.537 44.617 44.638 44.660 44.669 44.689 44.728 44.771 44.911 44.960 45.000 44.997 45.032 44.999 44.995 45.003 45.010 45.028 45.117 45.167 45.235 45.232 45.308 45.408 45.555 45.729 46.034 46.332 46.571 46.774 46.673 46.242 45.843 45.867 45.914 45.945 -9999.000 -9999.000 -9999.000 -9999.000 -9999.000 -9999.000 -9999.000 -9999.000 -9999.000 -9999.000 -9999.000 -9999.000 -9999.000 -9999.000 -9999.000 -9999.000 -9999.000 -9999.000 -9999.000
-9999.000 -9999.000 -9999.000 -9999.000 -9999.000 -9999.000 -9999.000 -9999.000 -9999.000 -9999.000 -9999.000 -9999.000 -9999.000 -9999.000 -9999.000 -9999.000 -9999.000 -9999.000 -9999.000 -9999.000 -9999.000 -9999.000 -9999.000 -9999.000 -9999.000 -9999.000 -9999.000 -9999.000 -9999.000 -9999.000 -9999.000 -9999.000 -9999.000 -9999.000 -9999.000 -9999.000 -9999.000 -9999.000 -9999.000 -9999.000 43.987 44.015 44.045 44.109 44.125 44.136 44.174 44.236 44.308 44.400 44.497 44.586 44.601 44.611 44.640 44.675 44.696 44.778 44.833 44.908 44.926 44.999 45.040 45.002 45.015 45.035 45.028 45.115 45.251 45.343 45.294 45.328 45.285 45.343 45.478 45.622 45.795 46.036 46.321 46.506 46.620 46.431 45.990 45.881 45.909 45.934 45.936 45.958 -9999.000 -9999.000 -9999.000 -9999.000 -9999.000 -9999.000 -9999.000 -9999.000 -9999.000 -9999.000 -9999.000 -9999.000 -9999.000 -9999.000 -9999.000 -9999.000 -9999.000 -9999.000
-9999.000 -9999.000 -9999.000 -9999.000 -9999.000 -9999.000 -9999.000 -9999.000 -9999.000 -9999.000 -9999.000 -9999.000 -9999.000 -9999.000 -9999.000 -9999.000 -9999.000 -9999.000 -9999.000 -9999.000 -9999.000 -9999.000 -9999.000 -9999.000 -9999.000 -9999.000 -9999.000 -9999.000 -9999.000 -9999.000 -9999.000 -9999.000 -9999.000 -9999.000 -9999.000 43.998 43.986 43.993 44.022 44.031 44.040 44.073 44.099 44.150 44.161 44.202 44.254 44.306 44.370 44.477 44.532 44.568 44.581 44.610 44.644 44.708 44.746 44.784 44.836 44.867 44.920 45.023 45.000 45.013 45.068 45.097 45.077 45.222 45.361 45.422 45.435 45.449 45.403 45.428 45.540 45.681 45.852 46.077 46.283 46.442 46.429 46.170 45.899 45.943 45.916 45.941 45.967 45.955 -9999.000 -9999.000 -9999.000 -9999.000 -9999.000 -9999.000 -9999.000 -9999.000 -9999.000 -9999.000 -9999.000 -9999.000 -9999.000 -9999.000 -9999.000 -9999.000 -9999.000 -9999.000
-9999.000 -9999.000 -9999.000 -9999.000 -9999.000 -9999.000 -9999.000 -9999.000 -9999.000 -9999.000 -9999.000 -9999.000 -9999.000 -9999.000 -9999.000 -9999.000 -9999.000 -9999.000 -9999.000 -9999.000 -9999.000 -9999.000 -9999.000 -9999.000 -9999.000 -9999.000 -9999.000 -9999.000 -9999.000 -9999.000 44.028 44.009 44.006 44.027 44.049 44.064 44.063 44.082 44.095 44.119 44.113 44.107 44.143 44.196 44.235 44.267 44.330 44.377 44.421 44.480 44.538 44.566 44.604 44.679 44.681 44.701 44.773 44.818 44.802 44.872 44.957 44.990 45.047 45.079 45.143 45.199 45.181 45.293 45.379 45.496 45.519 45.576 45.465 45.541 45.839 45.834 45.917 46.115 46.275 46.345 46.194 45.943 45.938 45.996 45.954 45.987 45.990 45.962 -9999.000 -9999.000 -9999.000 -9999.000 -9999.000 -9999.000 -9999.000 -9999.000 -9999.000 -9999.000 -9999.000 -9999.000 -9999.000 -9999.000 -9999.000 -9999.000 -9999.000 -9999.000
-9999.000 -9999.000 -9999.000 -9999.000 -9999.000 -9999.000 -9999.000 -9999.000 -9999.000 -9999.000 -9999.000 -9999.000 -9999.000 -9999.000 -9999.000 -9999.000 -9999.000 -9999.000 -9999.000 -9999.000 -9999.000 -9999.000 -9999.000 -9999.000 43.969 44.049 44.088 44.104 44.118 44.120 44.084 44.068 44.087 44.117 44.143 44.156 44.143 44.156 44.156 44.161 44.166 44.165 44.206 44.241 44.253 44.304 44.341 44.397 44.439 44.503 44.546 44.641 44.647 44.684 44.698 44.751 44.755 44.783 44.851 44.911 44.982 45.013 45.103 45.190 45.227 45.276 45.269 45.367 45.496 45.568 45.619 45.611 45.595 45.586 45.911 45.914 45.989 46.107 46.254 46.224 46.051 45.984 46.010 46.023 45.966 45.988 45.951 46.010 -9999.000 -9999.000 -9999.000 -9999.000 -9999.000 -9999.000 -9999.000 -9999.000 -9999.000 -9999.000 -9999.000 -9999.000 -9999.000 -9999.000 -9999.000 -9999.000 -9999.000 -9999.000
-9999.000 -9999.000 -9999.000 -9999.000 -9999.000 -9999.000 -9999.000 -9999.000 -9999.000 -9999.000 -9999.000 -9999.000 -9999.000 -9999.000 -9999.000 -9999.000 -9999.000 -9999.000 -9999.000 43.755 43.789 43.818 43.875 43.928 43.972 43.997 44.065 44.079 44.092 44.106 44.111 44.118 44.153 44.191 44.199 44.214 44.232 44.212 44.179 44.219 44.210 44.235 44.268 44.324 44.315 44.353 44.411 44.442 44.476 44.502 44.549 44.612 44.648 44.708 44.747 44.737 44.761 44.847 44.891 44.890 44.974 45.074 45.161 45.342 45.344 45.377 45.358 45.436 45.558 45.622 45.608 45.648 45.662 45.697 45.859 45.958 46.037 46.125 46.198 46.078 45.969 46.033 46.117 46.052 46.008 45.982 45.979 46.085 46.150 -9999.000 -9999.000 -9999.000 -9999.000 -9999.000 -9999.000 -9999.000 -9999.000 -9999.000 -9999.000 -9999.000 -9999.000 -9999.000 -9999.000 -9999.000 -9999.000 -9999.000
-9999.000 -9999.000 -9999.000 -9999.000 -9999.000 -9999.000 -9999.000 -9999.000 -9999.000 -9999.000 -9999.000 -9999.000 -9999.000 43.462 43.470 43.502 43.539 43.636 43.693 43.765 43.777 43.808 43.844 43.904 43.975 44.023 44.035 44.066 44.083 44.128 44.146 44.173 44.211 44.246 44.269 44.320 44.308 44.282 44.246 44.291 44.290 44.294 44.311 44.334 44.407 44.392 44.448 44.467 44.497 44.559 44.628 44.669 44.705 44.723 44.763 44.772 44.817 44.849 44.845 44.946 45.026 45.124 45.243 45.375 45.421 45.491 45.477 45.517 45.583 45.620 45.644 45.677 45.690 45.733 45.874 45.952 46.040 46.142 46.133 46.011 46.037 46.112 46.185 46.091 46.013 46.019 46.049 46.130 46.185 -9999.000 -9999.000 -9999.000 -9999.000 -9999.000 -9999.000 -9999.000 -9999.000 -9999.000 -9999.000 -9999.000 -9999.000 -9999.000 -9999.000 -9999.000 -9999.000 -9999.000
-9999.000 -9999.000 -9999.000 -9999.000 -9999.000 -9999.000 -9999.000 -9999.000 43.442 43.399 43.466 43.480 43.470 43.485 43.529 43.524 43.586 43.627 43.670 43.740 43.767 43.789 43.808 43.904 43.993 44.047 44.060 44.083 44.092 44.165 44.189 44.217 44.269 44.309 44.337 44.380 44.380 44.350 44.324 44.316 44.353 44.344 44.343 44.371 44.427 44.525 44.526 44.496 44.527 44.630 44.659 44.720 44.729 44.736 44.764 44.790 44.820 44.877 44.924 45.013 45.078 45.213 45.340 45.424 45.555 45.664 45.767 45.584 45.552 45.632 45.660 45.672 45.721 45.878 45.897 45.997 46.088 46.116 46.038 46.037 46.128 46.186 46.183 46.095 46.030 46.030 46.116 46.156 46.210 -9999.000 -9999.000 -9999.000 -9999.000 -9999.000 -9999.000 -9999.000 -9999.000 -9999.000 -9999.000 -9999.000 -9999.000 -9999.000 -9999.000 -9999.000 -9999.000 -9999.000
-9999.000 -9999.000 42.562 42.912 43.237 43.310 43.191 43.694 43.486 43.505 43.551 43.538 43.520 43.535 43.520 43.561 43.610 43.652 43.666 43.719 43.766 43.790 43.827 43.909 44.003 44.058 44.105 44.112 44.147 44.204 44.234 44.280 44.293 44.340 44.383 44.427 44.428 44.438 44.392 44.384 44.370 44.401 44.401 44.550 44.569 44.599 44.560 44.549 44.560 44.668 44.711 44.734 44.753 44.779 44.820 44.851 44.875 44.925 44.973 45.093 45.177 45.332 45.425 45.546 45.659 45.746 45.738 45.616 45.597 45.614 45.696 45.722 45.815 46.003 45.977 46.072 46.139 46.101 46.028 46.115 46.319 46.201 46.104 46.057 46.012 46.016 46.094 46.114 46.178 46.232 -9999.000 -9999.000 -9999.000 -9999.000 -9999.000 -9999.000 -9999.000 -9999.000 -9999.000 -9999.000 -9999.000 -9999.000 -9999.000 -9999.000 -9999.000 -9999.000
-9999.000 42.457 42.548 42.830 43.143 43.303 43.577 43.577 43.567 43.585 43.570 43.576 43.584 43.585 43.536 43.563 43.634 43.684 43.674 43.746 43.735 43.780 43.827 43.919 44.001 44.076 44.095 44.124 44.145 44.199 44.253 44.306 44.349 44.389 44.419 44.434 44.465 44.477 44.462 44.411 44.402 44.446 44.393 44.563 44.495 44.634 44.567 44.631 44.644 44.735 44.811 44.827 44.847 44.902 44.927 44.965 44.998 45.055 45.116 45.187 45.276 45.377 45.503 45.647 45.792 45.996 45.829 45.665 45.620 45.659 45.736 45.758 45.784 45.889 45.973 46.087 46.120 46.007 46.088 46.189 46.221 46.167 46.065 46.032 45.963 46.058 46.118 46.159 46.222 46.300 -9999.000 -9999.000 -9999.000 -9999.000 -9999.000 -9999.000 -9999.000 -9999.000 -9999.000 -9999.000 -9999.000 -9999.000 -9999.000 -9999.000 -9999.000 -9999.000
-9999.000 42.477 42.532 42.823 43.171 43.389 43.643 43.558 43.922 43.750 43.669 43.660 43.608 43.590 43.590 43.589 43.665 43.694 43.709 43.721 43.763 43.817 43.879 43.921 43.965 44.044 44.073 44.135 44.178 44.224 44.257 44.314 44.350 44.414 44.489 44.518 44.584 44.575 44.537 44.521 44.513 44.496 44.532 44.556 44.598 44.640 44.630 44.665 44.747 44.790 44.834 44.887 44.954 45.010 45.030 45.041 45.096 45.128 45.176 45.267 45.392 45.520 45.623 45.730 45.852 45.893 45.844 45.710 45.595 45.688 45.695 45.767 45.815 45.890 46.035 46.122 46.098 46.096 46.148 46.190 46.124 46.072 46.049 45.984 46.019 46.109 46.182 46.190 46.240 46.360 -9999.000 -9999.000 -9999.000 -9999.000 -9999.000 -9999.000 -9999.000 -9999.000 -9999.000 -9999.000 -9999.000 -9999.000 -9999.000 -9999.000 -9999.000 -9999.000
-9999.000 42.365 42.380 42.699 43.059 43.385 43.535 43.607 43.981 43.907 43.738 43.826 43.716 43.633 43.645 43.653 43.690 43.759 43.760 43.785 43.821 43.834 43.876 43.911 43.974 44.027 44.121 44.166 44.273 44.289 44.330 44.379 44.430 44.463 44.527 44.581 44.615 44.600 44.580 44.610 44.544 44.618 44.589 44.634 44.625 44.593 44.661 44.774 45.224 45.295 45.489 45.530 45.573 45.601 45.588 45.451 45.227 45.227 45.325 45.377 45.495 45.606 45.688 45.756 45.853 45.879 45.780 45.694 45.646 45.728 45.706 45.757 45.866 45.981 46.072 46.099 46.075 46.166 46.184 46.151 46.097 46.070 46.050 46.010 46.089 46.170 46.240 46.304 46.296 46.344 -9999.000 -9999.000 -9999.000 -9999.000 -9999.000 -9999.000 -9999.000 -9999.000 -9999.000 -9999.000 -9999.000 -9999.000 -9999.000 -9999.000 -9999.000 -9999.000
-9999.000 42.285 42.540 42.780 43.014 43.290 43.420 43.576 43.838 43.908 43.838 43.971 43.907 43.720 43.703 43.683 43.722 43.798 43.819 43.843 43.882 43.944 43.965 44.003 44.039 44.088 44.155 44.238 44.278 44.315 44.363 44.414 44.459 44.498 44.532 44.627 44.633 44.617 44.646 44.686 44.675 44.664 44.627 44.651 44.708 44.754 45.180 45.356 45.679 46.491 46.504 46.547 46.544 46.562 46.520 46.301 45.825 45.595 45.358 45.425 45.536 45.649 45.866 45.933 45.891 45.810 45.839 45.824 45.796 45.791 45.781 45.855 45.900 46.088 46.151 46.128 46.195 46.169 46.167 46.116 46.075 46.068 46.022 46.054 46.147 46.137 46.232 46.290 46.327 46.372 46.375 -9999.000 -9999.000 -9999.000 -9999.000 -9999.000 -9999.000 -9999.000 -9999.000 -9999.000 -9999.000 -9999.000 -9999.000 -9999.000 -9999.000 -9999.000
-9999.000 42.570 42.723 42.932 43.160 43.364 43.505 43.483 43.616 43.711 43.836 43.873 43.842 43.775 43.746 43.780 43.835 43.835 43.845 43.886 43.956 43.985 44.014 44.023 44.059 44.132 44.177 44.213 44.290 44.325 44.383 44.445 44.487 44.498 44.559 44.620 44.652 44.697 44.716 44.749 44.716 44.703 44.763 44.825 45.145 45.318 45.788 46.503 46.496 46.511 46.526 46.531 46.551 46.547 46.574 46.553 46.504 46.363 45.727 45.488 45.561 45.648 45.747 45.878 45.906 45.894 45.907 45.854 45.894 45.898 45.899 45.906 45.917 46.084 46.160 46.196 46.221 46.201 46.141 46.080 46.088 46.049 46.026 46.071 46.148 46.211 46.230 46.267 46.300 46.364 46.421 -9999.000 -9999.000 -9999.000 -9999.000 -9999.000 -9999.000 -9999.000 -9999.000 -9999.000 -9999.000 -9999.000 -9999.000 -9999.000 -9999.000 -9999.000
42.659 42.757 42.888 43.151 43.380 43.612 43.520 43.552 43.362 43.648 43.667 43.780 43.844 43.820 43.820 43.841 43.879 43.918 43.955 44.017 44.054 44.084 44.110 44.131 44.164 44.196 44.256 44.304 44.340 44.394 44.435 44.473 44.542 44.561 44.578 44.689 44.747 44.752 44.751 44.807 44.860 44.883 44.913 45.202 45.493 46.510 46.510 46.530 46.486 46.499 46.504 46.530 46.548 46.544 46.534 46.545 46.523 46.498 46.017 45.629 45.553 45.716 45.783 45.882 45.900 45.942 45.985 45.968 45.995 45.960 45.971 45.942 45.954 46.151 46.166 46.268 46.218 46.178 46.127 45.997 46.018 46.082 46.052 46.095 46.172 46.187 46.215 46.267 46.300 46.356 46.468 -9999.000 -9999.000 -9999.000 -9999.000 -9999.000 -9999.000 -9999.000 -9999.000 -9999.000 -9999.000 -9999.000 -9999.000 -9999.000 -9999.000 -9999.000
42.692 42.900 43.130 43.302 43.546 43.822 43.729 43.656 43.669 43.709 43.729 43.753 43.801 43.891 43.928 43.896 43.982 44.057 44.112 44.119 44.099 44.157 44.200 44.212 44.249 44.280 44.323 44.374 44.419 44.399 44.501 44.554 44.541 44.694 44.713 44.742 44.760 44.813 44.817 44.872 44.909 44.923 44.952 45.354 46.472 46.499 46.511 46.498 46.501 46.532 46.546 46.528 46.500 46.500 46.500 46.492 46.516 46.460 46.495 46.023 45.751 45.796 45.843 45.904 45.971 46.028 46.055 46.029 46.038 46.034 46.067 46.037 46.120 46.135 46.180 46.202 46.177 46.126 46.134 46.035 45.909 46.040 46.070 46.115 46.146 46.208 46.216 46.230 46.335 46.375 46.486 46.453 -9999.000 -9999.000 -9999.000 -9999.000 -9999.000 -9999.000 -9999.000 -9999.000 -9999.000 -9999.000 -9999.000 -9999.000 -9999.000 -9999.000
42.741 43.037 43.293 43.449 43.676 43.837 43.904 43.965 43.782 43.761 43.825 43.841 43.822 43.867 43.915 43.992 44.033 44.106 44.177 44.209 44.249 44.272 44.233 44.244 44.318 44.366 44.420 44.491 44.535 44.500 44.532 44.587 44.644 44.651 44.779 44.814 44.790 44.833 44.883 44.933 44.963 44.998 45.309 45.698 46.526 46.482 46.501 46.506 46.520 46.512 46.513 46.518 46.481 46.474 46.469 46.499 46.502 46.504 46.492 46.125 46.124 45.964 45.998 46.185 46.500 46.392 46.122 46.064 46.100 46.123 46.154 46.139 46.200 46.203 46.225 46.199 46.153 46.135 46.126 46.120 46.078 46.096 46.115 46.131 46.164 46.209 46.220 46.282 46.363 46.440 46.502 46.472 -9999.000 -9999.000 -9999.000 -9999.000 -9999.000 -9999.000 -9999.000 -9999.000 -9999.000 -9999.000 -9999.000 -9999.000 -9999.000 -9999.000
42.754 42.931 43.278 43.488 43.704 43.735 44.028 44.077 44.036 43.977 43.905 44.023 43.984 43.931 43.946 43.924 44.067 44.255 44.255 44.295 44.352 44.342 44.352 44.382 44.423 44.436 44.465 44.458 44.494 44.618 44.635 44.729 44.748 44.870 44.833 44.873 44.787 44.845 44.934 44.981 45.046 45.369 45.529 45.928 46.524 46.493 46.510 46.495 46.506 46.503 46.488 46.487 46.463 46.468 46.452 46.455 46.474 46.515 46.534 46.546 46.530 46.548 46.587 46.574 46.570 46.512 46.124 46.134 46.163 46.194 46.210 46.245 46.231 46.246 46.264 46.204 46.151 46.130 46.101 46.115 46.096 46.102 46.144 46.156 46.175 46.223 46.292 46.339 46.390 46.491 46.549 46.532 -9999.000 -9999.000 -9999.000 -9999.000 -9999.000 -9999.000 -9999.000 -9999.000 -9999.000 -9999.000 -9999.000 -9999.000 -9999.000 -9999.000
42.735 42.874 43.228 43.497 43.627 43.788 44.060 44.217 44.173 44.135 44.123 44.174 44.149 44.165 44.079 44.029 44.046 44.165 44.329 44.358 44.394 44.412 44.449 44.456 44.475 44.455 44.492 44.466 44.585 44.684 44.704 44.751 44.960 44.954 44.944 44.904 44.864 45.040 45.403 45.515 45.591 45.648 45.863 46.255 46.541 46.526 46.509 46.500 46.472 46.488 46.471 46.442 46.433 46.442 46.439 46.379 46.456 46.484 46.529 46.550 46.595 46.576 46.592 46.590 46.589 46.537 46.201 46.205 46.251 46.284 46.286 46.267 46.257 46.260 46.251 46.185 46.140 46.120 46.100 46.090 46.086 46.131 46.135 46.170 46.198 46.244 46.312 46.381 46.639 46.610 46.603 46.626 -9999.000 -9999.000 -9999.000 -9999.000 -9999.000 -9999.000 -9999.000 -9999.000 -9999.000 -9999.000 -9999.000 -9999.000 -9999.000 -9999.000
42.821 42.918 43.247 43.517 43.719 43.950 44.210 44.187 44.180 44.327 44.147 44.190 44.227 44.243 44.320 44.268 44.119 44.169 44.215 44.476 44.502 44.499 44.534 44.624 44.581 44.499 44.443 44.505 44.590 44.621 44.762 44.782 44.926 44.918 44.919 45.022 45.154 45.874 46.169 46.311 46.520 46.502 46.547 46.545 46.562 46.551 46.525 46.514 46.464 46.431 46.440 46.401 46.398 46.380 46.401 46.415 46.419 46.450 46.497 46.549 46.588 46.608 46.601 46.591 46.572 46.555 46.294 46.307 46.309 46.326 46.317 46.274 46.290 46.291 46.276 46.207 46.174 46.161 46.133 46.113 46.118 46.138 46.137 46.182 46.240 46.259 46.375 46.406 46.496 46.567 46.646 46.669 46.708 -9999.000 -9999.000 -9999.000 -9999.000 -9999.000 -9999.000 -9999.000 -9999.000 -9999.000 -9999.000 -9999.000 -9999.000 -9999.000
42.702 42.876 43.255 43.458 43.769 44.064 44.237 44.252 44.140 44.289 44.186 44.109 44.265 44.423 44.392 44.352 44.261 44.242 44.289 44.335 44.670 44.583 44.665 44.940 44.811 44.618 44.598 44.605 44.607 44.648 44.669 44.841 44.891 44.876 44.982 45.097 45.497 46.112 46.594 46.532 46.491 46.504 46.514 46.546 46.546 46.552 46.538 46.518 46.484 46.443 46.390 46.351 46.341 46.357 46.386 46.412 46.429 46.436 46.478 46.529 46.574 46.596 46.608 46.610 46.598 46.567 46.357 46.375 46.391 46.386 46.386 46.350 46.302 46.354 46.259 46.216 46.191 46.164 46.164 46.155 46.140 46.175 46.177 46.197 46.276 46.324 46.384 46.423 46.500 46.569 46.637 46.720 46.773 -9999.000 -9999.000 -9999.000 -9999.000 -9999.000 -9999.000 -9999.000 -9999.000 -9999.000 -9999.000 -9999.000 -9999.000 -9999.000
42.652 42.837 43.252 43.521 43.797 44.191 44.272 44.289 44.220 44.109 44.130 44.072 44.268 44.378 44.355 44.440 44.403 44.320 44.343 44.404 44.445 44.566 44.670 44.861 44.810 44.705 44.642 44.601 44.678 44.764 44.763 44.748 44.825 44.918 45.064 45.183 45.576 46.263 46.499 46.479 46.420 46.450 46.476 46.485 46.540 46.567 46.566 46.515 46.495 46.451 46.381 46.313 46.016 46.316 46.360 46.370 46.402 46.459 46.475 46.548 46.596 46.601 46.623 46.622 46.601 46.590 46.472 46.448 46.476 46.489 46.544 46.563 46.421 46.282 46.260 46.240 46.193 46.204 46.214 46.202 46.224 46.234 46.221 46.247 46.322 46.391 46.413 46.434 46.494 46.570 46.710 46.774 46.849 -9999.000 -9999.000 -9999.000 -9999.000 -9999.000 -9999.000 -9999.000 -9999.000 -9999.000 -9999.000 -9999.000 -9999.000 -9999.000
42.644 42.752 43.167 43.528 43.851 44.166 44.253 44.237 44.284 44.136 44.105 44.121 44.280 44.298 44.281 44.418 44.518 44.516 44.438 44.406 44.456 44.501 44.596 44.790 44.684 44.724 44.689 44.734 44.794 44.903 44.859 44.782 44.932 45.011 45.141 45.237 45.583 45.898 46.472 46.460 46.397 46.396 46.406 46.455 46.545 46.542 46.574 46.517 46.516 46.475 46.409 46.378 46.362 46.378 46.376 46.401 46.426 46.463 46.479 46.538 46.569 46.643 46.644 46.656 46.617 46.599 46.569 46.573 46.583 46.600 46.650 46.698 46.600 46.272 46.239 46.226 46.209 46.250 46.320 46.301 46.290 46.279 46.268 46.291 46.325 46.400 46.432 46.489 46.455 46.617 46.749 46.807 46.917 47.064 -9999.000 -9999.000 -9999.000 -9999.000 -9999.000 -9999.000 -9999.000 -9999.000 -9999.000 -9999.000 -9999.000 -9999.000
42.579 42.653 43.031 43.510 43.849 44.167 44.212 44.240 44.414 44.184 44.140 44.132 43.971 44.018 44.251 44.332 44.414 44.571 44.604 44.656 44.536 44.543 44.605 44.730 44.757 44.737 44.741 44.797 44.732 44.880 44.945 44.945 45.012 45.147 45.232 45.308 45.382 45.814 46.508 46.394 46.321 46.323 46.368 46.417 46.470 46.504 46.561 46.588 46.579 46.544 46.527 46.490 46.451 46.459 46.499 46.485 46.504 46.541 46.562 46.579 46.618 46.640 46.641 46.612 46.569 46.551 46.560 46.580 46.592 46.593 46.621 46.707 46.646 46.315 46.250 46.213 46.175 46.239 46.297 46.327 46.356 46.363 46.361 46.394 46.427 46.415 46.462 46.503 46.547 46.609 46.743 46.874 46.978 47.075 -9999.000 -9999.000 -9999.000 -9999.000 -9999.000 -9999.000 -9999.000 -9999.000 -9999.000 -9999.000 -9999.000 -9999.000
42.316 42.531 42.845 43.614 43.894 44.263 44.224 44.239 44.365 44.242 44.234 43.880 43.862 43.890 44.015 44.335 44.514 44.556 44.605 44.614 44.718 44.677 44.640 44.701 44.794 44.853 44.861 44.969 44.924 45.012 45.005 45.081 45.136 45.275 45.381 45.372 45.689 45.850 46.429 46.357 46.271 46.246 46.332 46.365 46.418 46.491 46.548 46.602 46.637 46.628 46.606 46.587 46.586 46.570 46.601 46.583 46.600 46.621 46.630 46.648 46.672 46.660 46.631 46.604 46.562 46.513 46.528 46.554 46.578 46.600 46.637 46.690 46.685 46.349 46.270 46.249 46.238 46.276 46.286 46.289 46.329 46.378 46.377 46.431 46.485 46.522 46.555 46.628 46.628 46.656 46.808 46.916 46.997 47.082 -9999.000 -9999.000 -9999.000 -9999.000 -9999.000 -9999.000 -9999.000 -9999.000 -9999.000 -9999.000 -9999.000 -9999.000
42.319 42.473 42.875 43.318 43.854 44.218 44.150 44.233 44.321 44.290 44.298 44.204 43.835 43.843 44.191 44.355 44.567 44.673 44.675 44.614 44.615 44.751 44.781 44.732 44.800 44.869 45.079 45.016 45.070 45.093 45.158 45.241 45.597 45.727 45.797 45.840 45.868 46.075 46.402 46.322 45.953 46.221 46.293 46.367 46.443 46.527 46.590 46.651 46.688 46.691 46.704 46.686 46.681 46.670 46.676 46.682 46.700 46.700 46.700 46.721 46.737 46.713 46.660 46.604 46.539 46.478 46.470 46.506 46.560 46.619 46.635 46.637 46.685 46.364 46.311 46.318 46.301 46.287 46.349 46.371 46.405 46.367 46.390 46.462 46.510 46.530 46.593 46.670 46.719 46.741 46.842 46.972 47.045 47.058 -9999.000 -9999.000 -9999.000 -9999.000 -9999.000 -9999.000 -9999.000 -9999.000 -9999.000 -9999.000 -9999.000 -9999.000
42.312 42.418 42.794 43.320 43.833 44.234 44.254 44.375 44.343 44.416 44.357 44.367 44.284 44.239 44.290 44.351 44.469 44.559 44.632 44.632 44.748 44.712 44.866 44.831 44.904 44.939 45.041 45.223 45.172 45.205 45.259 45.611 46.270 46.433 46.553 46.537 46.502 46.464 46.380 46.325 46.277 46.292 46.320 46.395 46.482 46.544 46.635 46.713 46.763 46.784 46.781 46.777 46.792 46.804 46.784 46.771 46.773 46.787 46.766 46.799 46.796 46.761 46.704 46.610 46.530 46.446 46.450 46.482 46.549 46.573 46.636 46.656 46.749 46.428 46.353 46.389 46.395 46.409 46.437 46.480 46.497 46.486 46.524 46.542 46.506 46.575 46.654 46.710 46.765 46.801 46.945 47.075 47.143 47.107 47.162 -9999.000 -9999.000 -9999.000 -9999.000 -9999.000 -9999.000 -9999.000 -9999.000 -9999.000 -9999.000 -9999.000
42.243 42.422 42.862 43.224 43.926 44.240 44.298 44.502 44.469 44.560 44.591 44.483 44.411 44.366 44.355 44.407 44.460 44.541 44.612 44.757 44.679 44.806 44.745 44.813 44.908 45.046 45.150 45.207 45.376 45.384 45.506 45.898 46.546 46.590 46.575 46.527 46.473 46.448 46.391 46.348 46.342 46.351 46.374 46.478 46.526 46.605 46.701 46.770 46.795 46.821 46.830 46.830 46.837 46.835 46.846 46.849 46.850 46.848 46.836 46.803 46.786 46.795 46.712 46.637 46.551 46.461 46.436 46.166 46.512 46.614 46.647 46.707 46.785 46.478 46.401 46.492 46.509 46.486 46.516 46.538 46.556 46.567 46.578 46.637 46.642 46.700 46.733 46.777 46.827 46.904 47.004 47.091 47.267 47.128 47.199 -9999.000 -9999.000 -9999.000 -9999.000 -9999.000 -9999.000 -9999.000 -9999.000 -9999.000 -9999.000 -9999.000
42.360 42.474 42.842 43.400 43.978 44.271 44.509 44.632 44.539 44.629 44.730 44.599 44.618 44.610 44.505 44.461 44.509 44.600 44.702 44.677 44.673 44.810 44.807 44.830 44.896 45.129 45.240 45.328 45.438 45.676 45.774 45.919 46.533 46.568 46.514 46.509 46.478 46.436 46.394 46.399 46.391 46.417 46.448 46.533 46.607 46.709 46.760 46.787 46.821 46.850 46.879 46.876 46.879 46.888 46.918 46.892 46.913 46.907 46.890 46.868 46.818 46.790 46.741 46.655 46.558 46.495 46.468 46.486 46.550 46.631 46.671 46.728 46.772 46.524 46.536 46.514 46.538 46.541 46.587 46.629 46.623 46.687 46.699 46.724 46.759 46.804 46.859 46.957 47.011 47.008 47.046 47.236 47.200 47.209 47.218 -9999.000 -9999.000 -9999.000 -9999.000 -9999.000 -9999.000 -9999.000 -9999.000 -9999.000 -9999.000 -9999.000
42.410 42.497 42.950 43.461 44.015 44.319 44.585 44.736 44.624 44.779 44.810 44.803 44.823 44.740 44.742 44.545 44.526 44.568 44.666 44.683 44.790 44.770 44.856 44.871 44.968 45.133 45.457 45.518 45.615 45.764 45.852 46.115 46.331 46.396 46.466 46.488 46.453 46.443 46.444 46.441 46.452 46.475 46.530 46.589 46.636 46.737 46.775 46.824 46.843 46.862 46.879 46.908 46.885 46.917 46.935 46.939 46.945 46.938 46.928 46.903 46.831 46.787 46.736 46.687 46.571 46.557 46.509 46.545 46.588 46.632 46.655 46.736 46.755 46.615 46.619 46.627 46.738 46.729 46.692 46.697 46.754 46.773 46.789 46.832 46.900 46.969 47.024 47.079 47.135 47.210 47.241 47.235 47.243 47.254 47.250 47.222 -9999.000 -9999.000 -9999.000 -9999.000 -9999.000 -9999.000 -9999.000 -9999.000 -9999.000 -9999.000
42.489 42.625 42.902 43.685 44.012 44.215 44.612 44.792 44.789 44.905 44.948 44.987 45.037 44.941 44.839 44.803 44.763 44.614 44.646 44.745 44.760 44.823 44.883 44.932 45.006 45.173 45.600 45.690 45.766 45.877 46.007 46.088 46.248 46.328 46.422 46.486 46.453 46.460 46.477 46.488 46.524 46.545 46.581 46.630 46.713 47.087 46.794 46.824 46.822 46.851 46.880 47.066 47.215 47.295 47.189 47.085 47.029 47.044 47.056 46.946 46.930 46.989 46.778 46.725 46.645 46.610 46.560 46.576 46.598 46.607 46.681 46.748 46.777 46.710 46.637 46.643 46.898 46.859 46.783 46.787 46.802 46.868 46.920 46.991 47.168 47.207 47.225 47.240 47.238 47.325 47.235 47.277 47.316 47.012 47.310 47.285 -9999.000 -9999.000 -9999.000 -9999.000 -9999.000 -9999.000 -9999.000 -9999.000 -9999.000 -9999.000
42.713 42.828 43.326 43.761 43.977 44.219 44.653 44.896 44.947 45.115 45.192 45.213 45.253 45.285 44.980 44.920 44.885 44.721 44.728 44.699 44.760 44.843 44.877 44.939 45.026 45.177 45.467 45.613 45.751 45.879 46.042 46.170 46.240 46.346 46.430 46.485 46.456 46.496 46.524 46.565 46.584 46.595 46.626 46.717 46.803 46.776 46.821 46.838 47.256 47.209 47.377 47.730 48.052 48.123 47.847 47.491 47.441 47.285 46.989 46.946 46.914 46.820 46.822 46.751 46.686 46.662 46.632 46.620 46.602 46.636 46.669 46.749 46.787 46.820 46.729 46.685 46.798 46.885 46.867 46.843 46.917 46.985 47.058 47.147 47.228 47.245 47.194 47.244 47.282 47.253 47.280 47.310 47.338 47.335 47.371 47.330 -9999.000 -9999.000 -9999.000 -9999.000 -9999.000 -9999.000 -9999.000 -9999.000 -9999.000 -9999.000
42.786 43.186 43.554 43.723 44.032 44.212 44.705 45.061 45.097 45.271 45.479 45.608 45.499 45.450 45.255 45.157 45.022 44.986 44.837 44.873 44.887 44.902 44.880 45.029 45.048 45.217 45.325 45.495 45.663 45.906 46.158 46.280 46.371 46.554 46.540 46.520 46.457 46.491 46.629 46.831 46.651 46.650 46.681 46.749 46.781 46.796 46.962 46.993 47.012 47.504 48.536 53.513 53.517 53.518 53.559 53.515 53.207 52.432 52.084 52.030 51.807 51.647 46.671 47.110 46.711 46.647 46.639 46.639 46.635 46.364 46.699 46.750 46.755 46.878 46.907 46.971 47.027 46.974 46.998 46.984 46.997 47.040 47.067 47.124 47.139 47.216 47.230 47.272 47.293 47.318 47.346 47.393 47.369 47.370 47.331 47.296 47.248 -9999.000 -9999.000 -9999.000 -9999.000 -9999.000 -9999.000 -9999.000 -9999.000 -9999.000
42.867 43.197 43.408 43.665 43.934 44.267 44.733 45.294 45.328 45.475 45.773 45.957 45.861 46.142 45.820 45.385 45.326 45.118 44.921 44.997 45.139 45.055 44.939 44.960 45.080 45.149 45.244 45.381 45.505 45.610 45.801 45.972 45.981 46.565 46.560 46.539 46.497 46.463 46.695 46.698 46.715 46.692 46.741 46.750 51.767 52.011 51.900 51.932 51.988 52.524 53.440 53.591 53.643 53.611 53.565 53.526 53.424 52.733 52.233 52.124 52.086 51.786 46.872 46.877 46.716 46.684 46.674 46.670 46.659 46.686 46.715 46.751 46.777 46.870 46.934 46.932 46.937 46.938 46.937 46.952 46.987 46.982 47.033 47.066 47.111 47.132 47.192 47.237 47.257 47.305 47.332 47.373 47.432 47.412 47.385 47.310 47.296 -9999.000 -9999.000 -9999.000 -9999.000 -9999.000 -9999.000 -9999.000 -9999.000 -9999.000
42.990 43.198 43.367 43.594 43.992 44.300 44.929 45.441 45.513 45.610 45.957 46.143 46.167 46.289 46.259 45.625 45.595 45.375 45.185 45.199 45.279 45.223 45.139 44.976 45.058 45.104 45.195 45.306 45.334 45.440 45.602 45.742 45.753 46.530 46.548 46.367 46.523 46.467 46.558 46.604 46.651 46.700 46.727 47.146 51.732 51.875 51.893 52.042 52.214 52.589 53.506 53.596 53.646 53.629 53.576 53.537 53.523 52.780 52.447 52.304 52.164 52.142 46.958 46.783 46.722 46.738 46.718 46.688 46.684 46.700 46.711 46.783 46.816 46.863 46.867 46.878 46.893 46.903 46.930 46.968 46.986 47.015 47.038 47.088 47.108 47.122 47.173 47.222 47.234 47.300 47.292 47.320 47.367 47.438 47.465 47.349 47.325 -9999.000 -9999.000 -9999.000 -9999.000 -9999.000 -9999.000 -9999.000 -9999.000 -9999.000
43.031 43.138 43.250 43.553 44.063 44.462 45.226 45.558 45.686 45.760 45.873 46.028 46.201 46.185 45.988 45.578 45.612 45.495 45.455 45.334 45.341 45.322 45.344 45.105 45.028 45.057 45.212 45.387 45.377 45.430 45.473 45.683 45.725 45.824 45.926 46.097 46.520 46.552 46.597 46.621 46.690 46.708 46.738 47.144 51.891 51.837 51.986 52.225 52.440 52.940 53.550 53.602 53.640 53.624 53.593 53.548 53.529 53.086 52.661 52.518 52.374 52.231 47.164 46.769 46.798 46.770 46.745 46.707 46.715 46.706 46.760 46.792 46.816 46.865 46.880 46.891 46.912 46.944 46.985 47.035 47.091 47.093 47.150 47.153 47.191 47.201 47.240 47.195 47.236 47.271 47.310 47.332 47.371 47.432 47.467 47.395 47.376 47.367 -9999.000 -9999.000 -9999.000 -9999.000 -9999.000 -9999.000 -9999.000 -9999.000
43.024 43.142 43.280 43.589 43.952 44.492 45.282 45.571 45.784 45.820 45.864 45.815 45.881 45.873 45.970 45.666 45.424 45.373 45.350 45.389 45.303 45.333 45.410 45.292 44.990 45.009 45.100 45.260 45.366 45.329 45.457 45.684 45.727 45.891 45.990 46.021 46.557 46.590 46.609 46.650 46.670 46.725 46.756 46.712 51.764 51.917 52.172 52.408 52.644 53.020 53.560 53.607 53.635 53.618 53.602 53.559 53.535 53.392 52.875 52.732 52.588 52.434 47.105 46.836 46.810 46.770 46.770 46.739 46.736 46.755 46.761 46.796 46.882 46.896 46.984 47.089 47.125 47.099 47.102 47.159 47.240 47.247 47.273 47.237 47.228 47.223 47.224 47.220 47.268 47.277 47.360 47.387 47.410 47.465 47.540 47.470 47.485 47.491 -9999.000 -9999.000 -9999.000 -9999.000 -9999.000 -9999.000 -9999.000 -9999.000
43.072 43.187 43.363 43.700 44.067 44.540 45.239 45.469 45.647 45.673 45.725 45.576 45.455 45.405 45.338 45.293 45.096 45.137 45.057 45.107 45.176 45.179 45.298 45.243 44.955 44.971 45.046 45.197 45.191 45.294 45.453 45.653 45.739 45.831 45.934 46.062 46.559 46.614 46.628 46.639 46.642 46.697 46.744 46.662 46.885 52.120 52.355 52.591 52.826 53.168 53.570 53.612 53.629 53.613 53.596 53.574 53.541 53.517 53.089 52.946 52.768 52.428 47.125 46.878 46.807 46.769 46.745 46.730 46.759 46.772 46.812 46.825 46.873 46.931 47.140 47.268 47.329 47.266 47.269 47.293 47.345 47.370 47.342 47.368 47.347 47.314 47.280 47.267 47.277 47.310 47.353 47.429 47.449 47.469 47.550 47.559 47.637 47.623 -9999.000 -9999.000 -9999.000 -9999.000 -9999.000 -9999.000 -9999.000 -9999.000
43.185 43.299 43.402 43.791 44.034 44.600 44.951 45.104 45.108 45.090 45.081 45.053 45.125 45.110 45.010 45.021 44.885 44.907 44.950 44.877 44.896 44.900 45.042 45.070 44.950 44.929 44.989 45.196 45.220 45.331 45.498 45.567 45.721 45.770 45.909 45.979 46.524 46.594 46.580 46.596 46.617 46.659 46.717 46.717 46.931 52.138 52.533 52.774 53.009 53.132 53.581 53.618 53.624 53.607 53.591 53.574 53.543 53.523 53.303 53.102 52.703 52.323 52.127 46.941 46.854 46.802 46.796 46.802 46.828 46.854 46.826 46.845 46.888 46.934 47.102 47.326 47.374 47.395 47.428 47.408 47.418 47.456 47.388 47.392 47.467 47.373 47.344 47.312 47.336 47.325 47.374 47.505 47.483 47.501 47.597 47.623 47.640 47.714 -9999.000 -9999.000 -9999.000 -9999.000 -9999.000 -9999.000 -9999.000 -9999.000
43.324 43.431 43.502 43.859 44.135 44.399 44.451 44.575 44.591 44.620 44.624 44.621 44.738 44.842 44.835 44.732 44.647 44.625 44.711 44.627 44.656 44.735 44.789 44.842 44.869 44.907 44.926 45.045 45.118 45.287 45.474 45.611 45.653 45.789 45.916 46.030 46.463 46.570 46.591 46.607 46.614 46.573 46.680 46.720 46.855 51.963 52.382 52.885 53.192 53.351 53.591 53.623 53.619 53.602 53.585 53.569 53.552 53.540 48.415 47.856 47.452 47.068 47.194 46.964 46.860 46.807 46.801 46.890 46.847 46.844 46.855 46.866 46.950 46.981 47.186 47.307 47.376 47.440 47.482 47.520 47.497 47.458 47.440 47.438 47.452 47.401 47.375 47.389 47.351 47.366 47.406 47.532 47.529 47.554 47.611 47.652 47.665 47.732 -9999.000 -9999.000 -9999.000 -9999.000 -9999.000 -9999.000 -9999.000 -9999.000
43.364 43.490 43.596 43.853 43.889 43.986 44.168 44.140 44.186 44.231 44.299 44.403 44.404 44.410 44.421 44.321 44.333 44.356 44.406 44.481 44.548 44.616 44.708 44.809 44.811 44.831 44.892 44.983 45.082 45.277 45.394 45.522 45.637 45.766 45.879 46.004 46.293 46.557 46.550 46.538 46.594 46.583 46.678 46.696 46.774 51.988 52.192 52.443 47.902 48.483 48.608 48.500 48.588 48.573 48.560 48.453 48.344 48.321 48.307 47.544 47.085 46.934 46.923 46.868 46.833 46.829 46.779 46.853 46.851 46.857 46.874 46.884 46.954 47.003 47.252 47.364 47.426 47.491 47.567 47.585 47.610 47.520 47.491 47.495 47.458 47.401 47.369 47.386 47.394 47.372 47.433 47.584 47.605 47.575 47.581 47.676 47.725 47.769 47.831 -9999.000 -9999.000 -9999.000 -9999.000 -9999.000 -9999.000 -9999.000
43.396 43.524 43.557 43.769 43.870 43.914 43.820 44.059 44.137 44.237 44.329 44.415 44.478 44.526 44.523 44.518 44.295 44.360 44.430 44.536 44.522 44.565 44.704 44.775 44.790 44.792 44.859 44.959 45.103 45.200 45.371 45.531 45.620 45.814 46.006 45.897 46.153 46.549 46.526 46.517 46.545 46.560 46.634 46.649 46.686 46.873 46.831 47.170 47.589 48.358 48.310 48.291 48.321 48.442 48.392 48.388 48.317 48.290 48.308 47.564 47.088 46.930 46.943 46.908 46.856 46.865 46.860 46.895 46.900 46.891 46.917 46.950 46.999 47.067 47.238 47.363 47.485 47.541 47.622 47.650 47.639 47.547 47.549 47.504 47.517 47.446 47.402 47.413 47.456 47.432 47.434 47.533 47.583 47.640 47.569 47.694 47.720 47.798 47.858 -9999.000 -9999.000 -9999.000 -9999.000 -9999.000 -9999.000 -9999.000
43.409 43.561 43.554 43.775 43.848 43.878 43.912 44.059 44.309 44.426 44.590 44.728 44.811 44.888 44.937 44.779 44.538 44.461 44.437 44.469 44.500 44.558 44.672 45.028 44.843 44.756 44.831 44.899 45.007 45.236 45.315 45.467 45.572 45.683 45.805 46.022 46.136 46.522 46.489 46.496 46.508 46.761 46.565 46.612 46.616 46.740 46.803 47.048 47.387 48.315 48.289 48.274 48.280 48.277 48.292 48.282 48.275 48.265 48.291 48.068 47.172 46.900 47.000 46.935 46.924 46.907 46.905 46.911 46.914 46.939 46.970 47.000 47.094 47.109 47.261 47.410 47.484 47.552 47.639 47.608 47.596 47.593 47.532 47.511 47.490 47.455 47.434 47.470 47.460 47.482 47.474 47.537 47.593 47.673 47.652 47.717 47.706 47.804 47.877 -9999.000 -9999.000 -9999.000 -9999.000 -9999.000 -9999.000 -9999.000
43.401 43.560 43.548 43.786 43.840 43.970 44.156 44.421 44.691 44.994 45.166 45.407 45.487 45.572 45.595 45.239 44.942 44.813 44.544 44.460 44.484 44.544 44.602 44.717 44.699 44.704 44.821 44.908 45.033 45.178 45.295 45.491 45.482 45.685 46.573 46.578 46.581 46.540 46.495 46.445 46.449 46.486 46.533 46.572 46.653 46.662 46.715 46.701 47.189 48.304 48.282 48.275 48.278 48.270 48.281 48.270 48.259 48.287 48.100 47.445 46.868 46.822 46.860 46.879 46.864 46.855 46.872 46.922 46.898 46.974 47.006 47.089 47.129 47.201 47.349 47.462 47.521 47.540 47.576 47.575 47.588 47.568 47.545 47.519 47.520 47.582 47.475 47.507 47.509 47.493 47.504 47.567 47.602 47.649 47.734 47.718 47.769 47.806 47.893 -9999.000 -9999.000 -9999.000 -9999.000 -9999.000 -9999.000 -9999.000
43.411 43.592 43.491 43.784 43.829 43.983 44.333 44.740 44.942 45.243 45.479 45.739 45.962 46.090 46.088 45.705 45.497 45.347 45.088 44.650 44.513 44.544 44.639 44.681 44.408 44.710 44.821 44.902 44.987 45.169 45.268 45.422 45.499 45.946 46.585 46.597 46.571 46.521 46.502 46.599 46.457 46.468 46.505 46.525 46.807 46.621 46.653 46.659 46.801 47.394 47.969 48.282 48.318 48.249 48.236 48.208 48.155 47.649 47.353 46.915 46.789 46.789 46.785 46.815 46.816 46.828 46.821 46.843 46.905 46.941 47.007 47.094 47.137 47.282 47.446 47.508 47.542 47.561 47.566 47.558 47.569 47.553 47.585 47.576 47.568 47.247 47.529 47.545 47.518 47.516 47.537 47.583 47.626 47.678 47.716 47.713 47.788 47.830 47.899 -9999.000 -9999.000 -9999.000 -9999.000 -9999.000 -9999.000 -9999.000
43.332 43.555 43.511 43.621 43.686 43.802 44.200 44.620 44.851 45.180 45.588 45.773 45.993 46.129 46.176 46.112 46.152 45.939 45.539 45.206 44.688 44.603 44.652 44.680 44.694 44.717 44.827 44.905 45.108 45.162 45.356 45.455 45.531 45.676 46.540 46.429 46.460 46.448 46.461 46.420 46.423 46.410 46.470 46.538 46.502 46.550 46.608 46.633 46.675 46.773 47.161 47.424 47.583 47.658 47.568 47.471 47.388 47.173 46.787 46.772 46.753 46.735 46.727 46.745 46.775 46.794 46.779 46.820 46.878 46.928 46.998 47.090 47.192 47.259 47.388 47.533 47.485 47.506 47.535 47.572 47.620 47.624 52.637 52.632 47.636 47.587 47.542 47.550 47.552 47.535 47.550 47.573 47.613 47.700 47.738 47.724 47.812 47.842 47.903 -9999.000 -9999.000 -9999.000 -9999.000 -9999.000 -9999.000 -9999.000
43.258 43.483 43.470 43.503 43.549 43.601 43.844 44.088 44.318 44.570 45.073 45.619 45.987 46.058 46.167 46.229 46.295 46.288 46.124 45.590 44.967 44.678 44.652 44.655 44.690 44.727 44.835 44.894 44.973 45.115 45.254 45.412 45.554 45.712 45.885 46.347 46.286 46.430 46.439 46.390 46.366 46.370 46.478 46.459 46.474 46.504 46.559 46.588 46.608 46.640 46.684 46.843 47.148 47.150 47.153 47.140 47.105 46.970 46.731 46.722 46.688 46.676 46.689 46.711 46.729 46.730 46.744 46.819 46.912 46.920 46.977 47.075 47.164 47.315 47.396 52.518 52.545 52.602 52.575 52.586 52.634 52.623 52.666 52.685 52.665 47.569 47.562 47.575 47.591 47.569 47.583 47.588 47.603 47.648 47.738 47.720 47.794 47.848 47.938 -9999.000 -9999.000 -9999.000 -9999.000 -9999.000 -9999.000 -9999.000
43.241 43.412 43.463 43.420 43.521 43.480 43.526 43.550 43.846 44.082 44.393 45.097 45.709 45.967 46.023 46.184 46.179 46.166 46.098 45.583 45.094 44.693 44.638 44.691 44.695 44.756 44.849 44.904 45.024 45.137 45.265 45.405 45.556 45.704 46.014 46.600 46.563 46.503 46.459 46.588 46.471 46.333 46.315 46.353 46.387 46.452 46.503 46.545 46.581 46.609 46.640 46.668 46.777 46.700 46.717 46.716 46.681 46.717 46.679 46.630 46.648 46.651 46.648 46.676 46.671 46.710 46.718 46.798 46.858 46.935 46.994 47.097 47.211 47.335 47.442 52.652 52.648 52.640 52.668 52.669 52.652 52.731 52.703 52.721 52.676 47.593 47.610 47.567 47.579 47.589 47.627 47.620 47.646 47.645 47.740 47.815 47.820 47.870 47.930 47.986 -9999.000 -9999.000 -9999.000 -9999.000 -9999.000 -9999.000
43.282 43.415 43.354 43.339 43.334 43.328 43.360 43.313 43.409 43.734 44.133 44.754 45.272 45.550 45.706 45.832 45.835 45.760 45.727 45.514 45.086 44.700 44.706 44.709 44.785 44.751 44.812 44.874 45.005 45.136 45.274 45.413 45.634 45.798 46.147 46.581 46.517 46.457 46.377 46.308 46.291 46.261 46.214 46.254 46.327 46.377 46.446 46.457 46.493 46.548 46.585 46.605 46.641 46.673 46.657 46.659 46.653 46.665 46.649 46.633 46.628 46.630 46.634 46.654 46.668 46.706 46.734 46.776 46.824 46.914 46.979 47.062 47.286 47.367 47.444 52.634 52.664 52.702 52.739 52.763 52.678 52.757 52.780 52.767 52.795 47.687 47.715 47.717 47.728 47.640 47.663 47.638 47.596 47.635 47.736 47.860 47.840 47.859 47.980 48.013 -9999.000 -9999.000 -9999.000 -9999.000 -9999.000 -9999.000
43.265 43.366 43.321 43.372 43.245 43.236 43.313 43.180 43.071 43.325 43.875 44.377 44.911 45.091 45.257 45.367 45.213 45.063 45.067 45.071 44.921 44.641 44.698 44.651 44.706 44.688 44.750 44.847 45.010 45.148 45.283 45.500 45.727 45.945 46.066 46.545 46.483 46.415 46.321 46.284 46.257 46.248 46.202 46.220 46.233 46.316 46.357 46.417 46.441 46.485 46.539 46.557 46.612 46.628 46.629 46.632 46.631 46.640 46.631 46.600 46.611 46.602 46.637 46.660 46.679 46.682 46.720 46.746 46.798 46.885 46.978 47.113 47.237 47.336 47.424 52.692 52.726 52.762 52.796 52.831 47.771 47.666 47.704 47.680 47.677 47.674 47.666 47.692 47.725 47.714 47.696 47.626 47.585 47.623 47.668 47.935 47.847 47.895 47.743 48.073 -9999.000 -9999.000 -9999.000 -9999.000 -9999.000 -9999.000
43.199 43.338 43.263 43.104 43.138 43.146 43.209 43.058 43.096 43.309 43.550 43.901 44.372 44.479 44.696 44.728 44.767 44.604 44.739 44.881 44.716 44.612 44.647 44.632 44.574 44.622 44.702 44.850 44.972 45.146 45.368 45.654 45.840 45.938 45.975 46.546 46.462 46.430 46.351 46.303 46.243 46.249 46.268 46.247 46.247 46.305 46.318 46.373 46.441 46.472 46.495 46.536 46.572 46.592 46.601 46.611 46.606 46.615 46.614 46.608 46.614 46.640 46.662 46.676 46.702 46.725 46.752 46.766 46.783 46.897 47.003 47.106 47.201 47.325 47.397 52.517 52.664 52.737 52.779 52.820 47.769 47.682 47.662 47.636 47.624 47.630 47.657 47.669 47.701 47.761 47.714 47.640 47.624 47.610 47.725 47.914 47.904 47.892 47.945 48.075 -9999.000 -9999.000 -9999.000 -9999.000 -9999.000 -9999.000
43.145 43.154 43.302 43.053 43.121 43.179 43.106 42.940 43.195 43.265 43.359 43.589 43.893 43.968 44.156 44.152 44.319 44.432 44.437 44.578 44.502 44.588 44.521 44.535 44.491 44.251 44.649 44.781 44.981 45.257 45.492 45.596 45.833 45.897 45.991 46.513 46.470 46.423 46.368 46.279 46.278 46.274 46.240 46.246 46.277 46.285 46.306 46.330 46.411 46.438 46.465 46.529 46.550 46.586 46.585 46.605 46.613 46.596 46.602 46.602 46.589 46.587 46.596 46.635 46.651 46.673 46.706 46.797 46.845 46.919 46.984 47.093 47.210 47.313 47.432 52.488 52.659 52.716 52.772 52.816 52.837 47.686 47.633 47.598 47.592 47.594 47.617 47.636 47.706 47.816 47.718 47.678 47.649 47.669 47.736 47.914 47.932 47.904 47.945 47.985 -9999.000 -9999.000 -9999.000 -9999.000 -9999.000 -9999.000
43.086 43.171 43.158 43.062 43.104 43.169 42.980 42.864 43.165 43.289 43.286 43.273 43.411 43.516 43.647 43.799 44.087 44.233 44.256 44.363 44.552 44.497 44.450 44.451 44.459 44.484 44.580 44.729 44.965 45.116 45.325 45.510 45.608 50.826 50.984 46.433 46.403 46.371 46.299 46.282 46.240 46.221 46.204 46.240 46.279 46.262 46.211 46.312 46.370 46.409 46.452 46.500 46.533 46.555 46.540 46.567 46.575 46.568 46.573 46.555 46.561 46.567 46.570 46.623 46.640 46.677 46.730 46.784 46.863 46.903 46.994 47.095 47.190 47.296 47.396 47.457 52.827 52.843 52.855 52.867 52.879 47.699 47.617 47.603 47.566 47.578 47.616 47.607 47.690 47.825 47.766 47.746 52.714 52.773 52.885 53.013 48.023 47.908 47.944 48.025 -9999.000 -9999.000 -9999.000 -9999.000 -9999.000 -9999.000
43.053 43.133 43.333 43.233 43.116 43.055 42.850 42.838 43.111 43.174 43.191 43.270 43.320 43.398 43.527 43.700 43.891 43.993 44.157 44.203 44.351 44.227 44.243 44.406 44.419 44.438 44.510 49.810 50.041 50.291 50.239 50.421 50.576 50.833 51.071 46.347 46.192 46.157 46.051 46.041 46.029 46.033 46.067 46.121 46.198 46.224 46.240 46.314 46.353 46.393 46.417 46.478 46.485 46.521 46.528 46.551 46.554 46.511 46.538 46.550 46.535 46.533 46.545 46.573 46.625 46.670 46.694 46.785 46.826 46.909 47.038 47.102 47.210 47.310 47.410 47.472 52.747 52.814 52.800 52.797 52.806 47.697 47.619 47.590 47.595 47.579 47.298 47.582 47.659 47.767 47.834 47.809 52.813 52.969 53.114 53.187 48.138 47.944 47.987 48.089 48.147 -9999.000 -9999.000 -9999.000 -9999.000 -9999.000
43.013 43.070 43.238 43.142 43.145 42.991 42.782 42.881 43.094 43.140 43.194 43.243 43.309 43.402 43.494 43.660 43.728 43.868 44.006 44.066 44.222 44.177 44.150 44.337 44.461 44.374 44.422 49.724 49.854 50.079 50.034 50.237 50.454 50.728 51.002 46.106 46.043 45.981 45.680 45.990 46.018 46.178 46.101 46.131 46.168 46.218 46.224 46.292 46.320 46.355 46.416 46.453 46.493 46.477 46.494 46.500 46.519 46.511 46.504 46.520 46.524 46.532 46.539 46.562 46.599 46.667 46.709 46.776 46.837 46.893 46.973 47.090 47.247 47.353 47.449 47.442 52.867 52.874 52.890 52.907 52.923 47.717 47.613 47.608 47.595 47.572 47.549 47.580 47.677 47.718 47.747 47.762 47.789 52.985 53.126 53.312 53.244 47.990 48.021 48.102 48.144 -9999.000 -9999.000 -9999.000 -9999.000 -9999.000
42.892 42.971 42.996 43.095 43.207 42.997 42.754 42.945 43.131 43.256 43.240 43.298 43.294 43.332 43.447 43.650 43.707 43.774 43.900 43.991 44.049 44.109 44.102 44.370 44.485 44.352 44.382 49.528 49.657 49.847 49.829 50.056 50.330 50.605 50.914 46.226 46.086 46.032 46.004 46.007 46.053 46.079 46.107 46.114 46.159 46.200 46.232 46.262 46.310 46.328 46.398 46.466 46.456 46.462 46.485 46.490 46.517 46.502 46.506 46.483 46.498 46.508 46.511 46.543 46.588 46.622 46.692 46.743 46.813 46.908 46.991 47.050 47.190 47.320 47.481 47.507 52.738 52.741 52.797 52.803 52.808 47.735 47.625 47.612 47.576 47.578 47.581 47.598 47.645 47.691 47.739 47.729 47.787 52.928 53.050 53.122 53.186 47.951 48.040 48.098 48.174 -9999.000 -9999.000 -9999.000 -9999.000 -9999.000
42.752 42.962 42.931 42.958 43.108 42.949 42.752 42.966 43.181 43.252 43.291 43.323 43.264 43.278 43.384 43.514 43.591 43.638 43.864 43.956 44.006 44.061 44.064 44.284 44.446 44.360 44.399 49.533 49.613 49.633 44.655 49.936 50.217 50.496 50.771 51.053 46.114 46.046 46.025 46.036 46.050 46.065 46.124 46.141 46.198 46.228 46.236 46.262 46.289 46.317 46.343 46.385 46.390 46.415 46.433 46.449 46.457 46.442 46.466 46.463 46.485 46.490 46.516 46.536 46.550 46.608 46.641 46.736 46.795 46.868 46.939 47.017 47.189 47.278 47.419 47.534 52.638 52.679 52.734 52.814 52.870 47.752 47.636 47.613 47.586 47.626 47.602 47.591 47.627 47.679 47.714 47.752 47.731 52.790 52.914 53.065 53.162 48.080 48.029 48.098 48.200 -9999.000 -9999.000 -9999.000 -9999.000 -9999.000
42.719 42.952 42.957 42.919 42.987 42.894 42.774 42.996 43.206 43.333 43.397 43.331 43.274 43.294 43.343 43.439 43.561 43.660 43.787 43.853 43.980 44.058 44.085 44.244 44.512 44.349 44.402 44.467 44.530 44.557 44.603 49.845 50.137 50.433 50.730 51.017 46.136 46.085 46.082 46.054 46.096 46.098 46.142 46.180 46.207 46.205 46.237 46.242 46.238 46.283 46.302 46.339 46.353 46.369 46.390 46.408 46.415 46.441 46.438 46.438 46.471 46.470 46.495 46.502 46.557 46.598 46.634 46.704 46.785 46.871 46.933 47.085 47.158 47.325 47.409 47.528 52.666 52.756 52.786 52.834 52.884 47.795 47.651 47.629 47.601 47.603 47.628 47.636 47.638 47.678 47.699 47.720 47.729 52.747 52.913 53.052 53.184 48.164 48.038 48.110 48.173 -9999.000 -9999.000 -9999.000 -9999.000 -9999.000
42.858 42.891 42.892 42.910 43.009 42.818 42.761 43.024 43.138 43.244 43.368 43.276 43.260 43.236 43.342 43.409 43.545 43.692 43.695 43.749 43.835 43.917 43.989 44.182 44.422 44.389 44.402 44.452 44.519 44.524 44.548 49.803 50.161 50.488 50.845 51.202 46.112 46.084 46.090 46.091 46.109 46.128 46.167 46.185 46.192 46.220 46.224 46.222 46.236 46.236 46.262 46.277 46.319 46.317 46.331 46.360 46.355 46.404 46.426 46.474 46.468 46.494 46.522 46.526 46.564 46.592 46.640 46.723 46.760 46.834 46.923 47.058 47.160 47.277 47.397 47.523 52.662 52.780 52.812 52.851 52.891 52.873 47.679 47.655 47.626 47.621 47.633 47.651 47.669 47.669 47.730 47.730 47.734 52.727 52.844 52.974 53.182 53.307 48.043 48.100 48.185 -9999.000 -9999.000 -9999.000 -9999.000 -9999.000
-9999.000 42.872 42.913 42.911 42.937 42.765 42.717 42.871 43.041 43.154 43.204 43.264 43.325 43.252 43.300 43.393 43.507 43.595 43.727 43.816 43.872 43.828 43.962 44.152 44.358 44.375 44.395 44.145 44.512 44.545 44.549 49.872 50.173 50.484 50.794 51.105 46.152 46.145 46.123 46.133 46.166 46.163 46.190 46.212 46.197 46.224 46.222 46.248 46.211 46.220 46.216 46.246 46.267 46.290 46.315 46.338 46.361 46.386 46.422 46.433 46.462 46.502 46.538 46.561 46.575 46.618 46.656 46.697 46.756 46.786 46.923 47.011 47.166 47.270 47.409 47.523 47.670 52.809 52.785 52.788 52.800 52.811 47.699 47.649 47.661 47.663 47.673 47.687 47.696 47.678 47.693 47.736 47.753 47.701 52.812 52.963 53.105 53.222 48.062 48.119 48.205 -9999.000 -9999.000 -9999.000 -9999.000 -9999.000
-9999.000 42.838 42.900 42.844 42.807 42.659 42.622 42.818 42.961 43.071 43.271 43.264 43.247 43.171 43.262 43.330 43.421 43.518 43.590 43.658 43.843 43.729 43.932 44.102 44.345 44.417 44.384 44.442 44.482 44.530 44.502 49.647 50.080 50.364 50.687 51.029 46.201 46.155 46.160 46.202 46.181 46.190 46.195 46.203 46.207 46.210 46.220 46.200 46.210 46.197 46.236 46.222 46.249 46.261 46.286 46.311 46.356 46.351 46.417 46.440 46.467 46.486 46.526 46.552 46.580 46.628 46.653 46.692 46.747 46.806 46.912 47.032 47.143 47.272 47.412 47.533 47.652 52.770 52.826 52.834 52.828 52.822 47.735 47.680 47.689 47.707 47.700 47.722 47.706 47.695 47.720 47.731 47.722 47.694 52.857 53.007 53.158 53.249 48.169 48.097 48.190 48.263 -9999.000 -9999.000 -9999.000 -9999.000
-9999.000 42.784 42.749 42.755 42.894 42.655 42.623 42.795 42.907 43.038 43.230 43.250 43.147 43.173 43.233 43.300 43.431 43.475 43.541 43.626 43.586 43.634 43.859 44.084 44.317 44.470 44.360 44.399 44.457 44.529 44.517 49.586 50.010 50.298 50.586 50.907 46.253 46.176 46.196 46.215 46.205 46.212 46.204 46.208 46.210 46.213 46.199 46.150 46.170 46.166 46.192 46.203 46.205 46.210 46.249 46.308 46.338 46.369 46.384 46.441 46.493 46.512 46.540 46.570 46.594 46.620 46.661 46.721 46.770 46.811 46.913 47.021 47.136 47.284 47.411 47.539 47.638 52.787 52.805 52.822 52.804 52.792 47.754 47.769 47.706 47.701 47.699 47.686 47.696 47.672 47.663 47.708 47.713 47.699 52.773 52.970 53.101 53.243 48.223 48.122 48.225 48.248 -9999.000 -9999.000 -9999.000 -9999.000
-9999.000 42.721 42.695 42.687 42.942 42.677 42.568 42.831 42.876 43.035 43.157 43.178 43.142 43.160 43.165 43.253 43.473 43.429 43.488 43.501 43.624 43.636 43.822 43.991 44.236 44.451 44.321 44.383 44.436 44.474 44.505 49.540 49.943 50.302 50.625 50.968 46.336 46.200 46.188 46.224 46.216 46.252 46.213 46.210 46.200 46.197 46.173 46.169 46.150 46.156 46.159 46.167 46.190 46.208 46.234 46.257 46.302 46.324 46.399 46.460 46.489 46.516 46.562 46.561 46.586 46.630 46.651 46.713 46.735 46.814 46.901 47.021 47.161 47.284 47.405 47.524 47.648 52.785 52.864 52.841 52.809 52.804 47.790 47.746 47.678 47.668 47.663 47.653 47.659 47.619 47.655 47.373 47.690 47.710 52.716 53.013 53.183 53.316 48.318 48.118 48.203 48.269 -9999.000 -9999.000 -9999.000 -9999.000
-9999.000 42.628 42.623 42.610 43.039 42.658 42.545 42.728 42.919 43.037 43.107 43.102 43.092 43.113 43.114 43.182 43.268 43.353 43.416 43.483 43.645 43.677 43.838 43.914 44.122 44.417 44.346 44.369 44.430 44.458 44.505 44.519 49.848 50.227 50.571 50.928 51.252 46.233 46.216 46.236 46.239 46.235 46.233 46.219 46.210 46.197 46.160 46.132 46.151 46.108 46.159 46.121 46.158 46.157 46.214 46.261 46.293 46.329 46.370 46.450 46.502 46.531 46.560 46.595 46.615 46.640 46.663 46.720 46.750 46.832 46.914 47.016 47.144 47.256 47.401 47.522 47.642 52.724 52.831 52.836 52.822 52.808 47.794 47.759 47.665 47.680 47.641 47.625 47.633 47.607 47.580 47.639 47.707 47.712 52.716 52.946 53.130 53.250 53.370 48.166 48.224 48.255 -9999.000 -9999.000 -9999.000 -9999.000
-9999.000 42.510 42.538 42.502 42.645 42.560 42.518 42.760 42.892 43.000 43.055 43.087 43.092 43.114 43.060 43.083 43.183 43.304 43.405 43.483 43.725 43.682 43.824 43.876 44.052 44.280 44.392 44.335 44.401 44.470 44.496 44.491 49.848 50.121 50.449 50.810 51.179 46.293 46.264 46.248 46.251 46.250 46.235 46.194 46.183 46.164 46.154 46.111 46.120 46.104 46.120 46.153 46.148 46.171 46.224 46.261 46.300 46.354 46.429 46.453 46.476 46.514 46.561 46.575 46.618 46.654 46.677 46.708 46.746 46.814 46.905 47.017 47.130 47.259 47.356 47.513 47.641 52.719 52.844 52.831 52.817 52.829 47.839 47.805 47.690 47.661 47.640 47.647 47.630 47.596 47.595 47.626 47.690 47.720 47.670 52.893 53.046 53.226 53.448 48.219 48.206 48.297 -9999.000 -9999.000 -9999.000 -9999.000
-9999.000 42.423 42.471 42.509 42.629 42.515 42.463 42.672 42.874 42.947 43.040 43.112 43.062 43.013 43.013 43.044 43.138 43.311 43.376 43.455 43.591 43.624 43.716 43.840 43.969 44.221 44.340 44.343 44.384 44.458 44.483 44.517 49.680 50.085 50.448 50.839 51.240 46.283 46.263 46.294 46.262 46.236 46.243 46.212 46.199 46.193 46.148 46.100 46.098 46.100 46.111 46.110 46.143 46.171 46.220 46.287 46.329 46.365 46.435 46.450 46.490 46.519 46.558 46.604 46.609 46.667 46.690 46.706 46.751 46.834 46.905 47.005 47.126 47.267 47.380 47.503 47.627 52.737 52.871 52.841 52.812 52.783 52.754 47.725 47.723 47.669 47.635 47.611 47.581 47.566 47.606 47.622 47.688 47.724 47.749 52.850 53.050 53.224 53.444 48.327 48.245 48.307 -9999.000 -9999.000 -9999.000 -9999.000
-9999.000 42.331 42.469 42.568 42.680 42.470 42.390 42.601 42.903 42.961 43.059 43.036 42.957 42.920 42.961 42.980 43.138 43.396 43.385 43.482 43.561 43.603 43.643 43.823 43.922 44.151 44.382 44.315 44.363 44.433 44.480 44.519 49.711 50.050 50.440 50.834 51.201 46.310 46.275 46.281 46.271 46.260 46.218 46.225 46.196 46.174 46.130 46.100 46.096 46.079 46.080 46.096 46.130 46.185 46.231 46.278 46.316 46.344 46.431 46.437 46.490 46.500 46.581 46.598 46.629 46.649 46.692 46.721 46.763 46.824 46.912 47.017 47.134 47.271 47.362 47.479 47.595 47.722 52.858 52.878 52.897 52.916 52.936 47.932 47.696 47.657 47.645 47.629 47.582 47.562 47.580 47.612 47.677 47.734 47.790 52.844 53.037 53.280 53.475 48.388 48.250 48.306 48.373 -9999.000 -9999.000 -9999.000
-9999.000 42.290 42.624 42.503 42.584 42.399 42.343 42.610 42.787 42.938 42.950 42.900 42.948 42.902 42.893 42.976 43.142 43.254 43.340 43.428 43.518 43.639 43.666 43.805 43.899 44.126 44.398 44.320 44.330 44.415 44.500 44.495 49.556 50.057 50.423 50.788 51.153 46.385 46.291 46.273 46.289 46.276 46.246 46.213 46.171 46.152 46.120 46.067 46.087 45.736 46.042 46.095 46.136 46.179 46.227 46.258 46.316 46.410 46.423 46.424 46.470 46.510 46.539 46.569 46.621 46.625 46.687 46.722 46.769 46.838 46.907 47.016 47.135 47.236 47.346 47.470 47.597 47.697 52.823 52.869 52.888 52.889 52.897 47.896 47.768 47.672 47.631 47.626 47.611 47.600 47.592 47.644 47.708 47.762 47.819 52.849 53.074 53.228 53.386 53.478 48.267 48.325 48.376 -9999.000 -9999.000 -9999.000
-9999.000 42.263 42.408 42.476 42.532 42.390 42.279 42.471 42.651 42.817 42.855 42.896 42.898 42.867 42.895 43.000 43.092 43.156 43.271 43.386 43.514 43.594 43.663 43.774 43.916 44.118 44.302 44.275 44.319 44.400 44.487 44.521 49.506 49.932 50.387 50.761 51.143 46.323 46.304 46.312 46.283 46.252 46.226 46.200 46.180 46.129 46.104 46.100 46.074 46.066 46.095 46.117 46.148 46.203 46.241 46.304 46.333 46.391 46.401 46.430 46.469 46.514 46.539 46.573 46.606 46.622 46.682 46.692 46.753 46.836 46.908 47.028 47.118 47.224 47.333 47.436 47.589 47.696 52.779 52.819 52.810 52.801 52.792 47.804 47.820 47.667 47.681 47.660 47.651 47.627 47.649 47.682 47.713 47.783 47.777 47.853 53.073 53.207 53.331 53.454 48.288 48.319 48.376 -9999.000 -9999.000 -9999.000
-9999.000 42.219 42.342 42.413 42.441 42.349 42.142 42.413 42.612 42.726 42.776 42.916 42.832 42.870 42.951 42.970 43.048 43.106 43.221 43.352 43.452 43.540 43.656 43.733 43.845 44.026 44.182 44.255 44.285 44.314 44.193 44.222 49.507 49.898 50.289 50.680 51.095 46.290 46.289 46.321 46.308 46.257 46.221 46.208 46.188 46.133 46.120 46.096 46.071 46.077 46.100 46.140 46.152 46.204 46.255 46.316 46.357 46.381 46.432 46.456 46.469 46.491 46.559 46.594 46.627 46.646 46.668 46.685 46.724 46.808 46.901 46.999 47.090 47.181 47.298 47.424 47.533 47.659 52.769 52.852 52.861 52.870 52.874 47.942 47.920 47.711 47.680 47.676 47.691 47.698 47.702 47.722 47.763 47.810 47.816 47.874 53.028 53.152 53.276 53.437 48.352 48.286 48.373 -9999.000 -9999.000 -9999.000
-9999.000 42.184 42.326 42.377 42.420 42.299 42.086 42.342 42.577 42.672 42.752 42.685 42.840 42.947 42.966 42.990 43.028 43.082 43.204 43.327 43.402 43.515 43.626 43.654 43.794 43.979 44.126 44.269 44.266 44.261 44.145 44.104 49.556 49.947 50.338 50.711 51.073 51.349 46.279 46.312 46.296 46.262 46.229 46.198 46.182 46.165 46.127 46.134 46.113 46.079 46.099 46.154 46.189 46.212 46.262 46.319 46.385 46.403 46.423 46.469 46.491 46.512 46.546 46.587 46.610 46.645 46.685 46.703 46.727 46.802 46.892 46.978 47.080 47.190 47.287 47.392 47.513 47.652 52.756 52.864 52.893 52.911 52.924 47.938 47.939 47.749 47.730 47.731 47.728 47.777 47.764 47.760 47.791 47.813 47.868 47.878 53.045 53.099 53.343 53.319 48.370 48.324 48.371 -9999.000 -9999.000 -9999.000
-9999.000 -9999.000 42.294 42.350 42.390 42.194 41.978 42.258 42.495 42.575 42.594 42.735 42.878 42.953 42.950 43.002 43.000 43.048 43.189 43.248 43.415 43.477 43.584 43.653 43.750 43.926 44.100 44.270 44.230 44.217 44.118 44.141 44.540 49.897 50.255 50.644 51.050 51.392 46.307 46.292 46.289 46.269 46.228 46.213 46.184 46.164 46.139 46.140 46.128 46.111 46.134 46.157 46.196 46.226 46.295 46.310 46.373 46.395 46.424 46.452 46.497 46.522 46.570 46.595 46.646 46.670 46.690 46.736 46.740 46.805 46.881 46.968 47.075 47.159 47.256 47.354 47.495 47.595 52.737 52.833 52.831 52.824 52.832 47.845 47.784 47.762 47.770 47.782 47.776 47.784 47.800 47.801 47.821 47.837 52.862 52.884 52.951 53.068 53.184 53.283 48.345 48.316 48.392 -9999.000 -9999.000 -9999.000
-9999.000 -9999.000 42.279 42.322 42.289 42.090 41.943 42.137 42.380 42.460 42.587 42.777 42.962 42.921 42.932 42.944 42.985 43.047 43.171 43.287 43.366 43.452 43.528 43.745 43.724 43.850 44.072 44.293 44.184 44.192 44.114 44.125 44.477 49.858 50.239 50.619 50.996 51.311 46.348 46.297 46.274 46.278 46.247 46.229 46.175 46.179 46.152 46.150 46.142 46.132 46.154 46.198 46.230 46.290 46.308 46.363 46.373 46.414 46.456 46.490 46.520 46.568 46.597 46.630 46.615 46.673 46.697 46.710 46.767 46.805 46.876 46.961 47.072 47.164 47.267 47.396 47.477 47.598 52.648 52.862 52.834 52.805 52.778 52.753 47.703 47.722 47.780 47.810 47.839 47.833 47.890 52.859 52.866 52.932 53.016 53.121 53.185 53.204 53.254 53.388 53.370 48.303 48.380 48.458 -9999.000 -9999.000
-9999.000 -9999.000 42.209 42.234 42.233 42.132 41.916 42.061 42.274 42.425 42.624 42.761 42.943 42.874 42.950 42.961 42.988 43.076 43.149 43.256 43.314 43.419 43.460 43.625 43.707 43.789 43.970 44.257 44.177 44.147 44.124 44.070 44.436 49.773 50.139 50.521 50.928 51.335 46.356 46.283 46.283 46.272 46.277 46.242 46.226 46.175 46.181 46.174 46.165 46.168 46.165 46.205 46.255 46.299 46.304 46.367 46.401 46.432 46.460 46.516 46.540 46.572 46.589 46.621 46.638 46.700 46.713 46.725 46.764 46.811 46.879 46.960 47.079 47.156 47.268 47.363 47.475 47.570 47.677 52.813 52.795 52.776 52.759 52.744 47.696 47.707 47.763 47.836 47.912 53.036 53.063 52.991 53.053 53.070 53.141 53.200 53.258 53.298 53.365 53.403 53.389 48.338 48.407 48.470 -9999.000 -9999.000
-9999.000 -9999.000 42.086 42.197 42.183 42.118 41.920 41.999 42.237 42.430 42.614 42.828 42.970 42.936 42.880 42.890 42.968 43.063 43.086 43.223 43.313 43.374 43.399 43.569 43.697 43.738 43.913 44.154 44.122 44.140 44.119 44.093 44.330 49.733 50.186 50.568 50.933 51.297 46.339 46.263 46.276 46.285 46.276 46.248 46.244 46.217 46.205 46.223 46.206 46.177 46.162 46.204 46.270 46.309 46.359 46.396 46.423 46.470 46.489 46.521 46.557 46.591 46.613 46.621 46.663 46.702 46.718 46.751 46.768 46.818 46.885 46.963 47.064 47.153 47.247 47.359 47.482 47.577 47.705 52.753 52.736 52.720 52.721 52.721 47.706 47.680 47.753 47.824 47.950 53.054 53.207 53.170 53.243 53.214 53.253 53.289 53.339 53.365 53.384 53.419 53.425 48.419 48.392 48.473 -9999.000 -9999.000
-9999.000 -9999.000 42.068 42.135 42.140 42.072 41.888 41.964 42.293 42.433 42.629 42.787 42.864 42.857 42.840 42.867 42.955 43.072 43.129 43.240 43.304 43.368 43.408 43.500 43.668 43.716 43.899 44.195 44.085 44.090 44.114 44.091 44.398 49.764 50.131 50.500 50.868 51.236 46.326 46.280 46.285 46.287 46.285 46.272 46.256 46.227 46.245 46.236 46.228 46.218 46.232 46.221 46.287 46.347 46.396 46.390 46.455 46.489 46.497 46.592 46.565 46.587 46.584 46.634 46.688 46.719 46.750 46.760 46.807 46.833 46.893 46.976 47.081 47.169 47.252 47.367 47.463 47.551 47.650 52.768 52.777 52.791 52.770 52.754 47.702 47.700 47.764 47.852 47.881 53.102 53.305 53.306 53.428 53.358 53.343 53.372 53.368 53.377 53.336 53.339 53.446 48.429 48.418 48.450 -9999.000 -9999.000
-9999.000 -9999.000 42.050 42.155 42.185 42.113 41.875 41.946 42.345 42.430 42.566 42.666 42.807 42.827 42.846 42.897 42.981 43.084 43.128 43.234 43.296 43.328 43.349 43.425 43.567 43.686 43.882 44.054 44.069 44.065 44.045 44.041 44.150 49.578 49.950 50.309 50.669 51.049 46.363 46.269 46.303 46.292 46.290 46.282 46.290 46.289 46.278 46.296 46.277 46.252 46.258 46.264 46.305 46.379 46.406 46.435 46.482 46.500 46.544 46.584 46.566 46.610 46.646 46.680 46.720 46.749 46.776 46.793 46.827 46.878 46.907 46.984 47.069 47.156 47.254 47.361 47.445 47.545 47.651 52.818 52.845 52.882 52.846 52.821 47.688 47.721 47.793 47.844 47.849 53.264 53.302 53.368 53.229 53.243 53.284 53.326 53.391 53.322 53.345 53.325 53.425 48.457 48.418 48.477 -9999.000 -9999.000
-9999.000 -9999.000 42.006 42.143 42.155 42.130 41.869 41.970 42.313 42.443 42.558 42.593 42.810 42.942 42.877 42.898 42.979 43.046 43.124 43.165 43.153 43.258 43.320 43.379 43.544 43.644 43.807 43.946 44.083 44.026 44.023 44.056 44.009 49.330 49.710 50.090 50.486 50.929 51.365 46.288 46.310 46.322 46.326 46.328 46.326 46.294 46.296 46.293 46.290 46.298 46.281 46.292 46.339 46.403 46.440 46.481 46.491 46.520 46.560 46.600 46.605 46.608 46.653 46.707 46.736 46.771 46.794 46.820 46.842 46.894 46.930 46.988 47.071 47.170 47.251 47.340 47.439 47.544 47.632 52.734 52.773 52.805 52.770 52.715 47.649 47.636 47.488 47.825 47.973 48.246 53.278 53.343 53.285 53.063 53.279 53.286 53.322 48.314 48.299 48.339 48.404 48.429 48.417 48.469 -9999.000 -9999.000
-9999.000 -9999.000 41.944 41.964 42.063 42.175 41.872 42.008 42.269 42.446 42.523 42.617 42.813 42.945 42.867 42.874 42.951 43.030 43.060 43.084 43.159 43.298 43.287 43.371 43.434 43.673 43.690 43.904 44.085 44.005 43.985 44.002 43.972 44.158 49.510 49.920 50.390 50.894 51.363 46.281 46.309 46.336 46.360 46.358 46.348 46.320 46.309 46.325 46.333 46.316 46.315 46.334 46.374 46.418 46.466 46.530 46.520 46.532 46.579 46.615 46.649 46.656 46.681 46.729 46.764 46.788 46.826 46.842 46.898 46.906 46.950 47.006 47.080 47.156 47.264 47.373 47.453 47.555 47.647 52.720 52.715 52.716 52.681 52.645 52.630 47.626 47.693 47.785 47.911 48.180 53.254 48.297 48.254 48.325 48.260 48.211 48.227 48.243 48.254 48.308 48.345 48.382 48.402 48.504 -9999.000 -9999.000
-9999.000 -9999.000 41.837 41.855 41.937 42.045 41.863 41.986 42.213 42.314 42.448 42.533 42.754 42.833 42.820 42.880 42.922 42.957 42.999 43.069 43.124 43.303 43.314 43.350 43.444 43.593 43.694 43.850 44.111 44.041 43.981 43.711 43.995 44.125 49.398 49.871 50.343 50.815 51.184 46.297 46.334 46.364 46.374 46.388 46.377 46.360 46.360 46.369 46.347 46.360 46.360 46.368 46.400 46.445 46.458 46.507 46.537 46.587 46.631 46.636 46.661 46.690 46.729 46.752 46.771 46.800 46.852 46.882 46.919 46.920 46.961 47.025 47.083 47.187 47.284 47.373 47.443 47.550 47.610 52.669 52.709 52.712 52.687 52.618 52.597 47.617 47.721 47.835 47.982 48.167 48.173 48.230 48.187 48.181 48.186 48.209 48.197 48.216 48.229 48.292 48.302 48.416 48.435 48.531 48.563 -9999.000
-9999.000 -9999.000 41.889 41.910 41.924 41.995 41.889 41.944 42.171 42.350 42.356 42.510 42.739 42.897 42.910 42.849 42.867 42.897 43.004 43.022 43.081 43.251 43.361 43.403 43.494 43.605 43.746 43.858 44.064 43.985 43.983 44.000 44.036 44.066 49.491 49.895 50.299 50.704 51.108 46.288 46.302 46.319 46.386 46.406 46.390 46.399 46.401 46.398 46.380 46.379 46.368 46.384 46.414 46.461 46.487 46.524 46.549 46.654 46.647 46.654 46.698 46.726 46.736 46.769 46.789 46.834 46.870 46.916 46.937 46.990 47.020 47.075 47.152 47.230 47.316 47.364 47.424 47.522 47.622 47.692 52.713 52.736 52.758 52.699 52.639 47.628 47.767 47.927 48.062 48.160 48.124 48.130 48.125 48.128 48.141 48.165 48.172 48.179 48.215 48.240 48.303 48.401 48.570 48.496 48.568 -9999.000
-9999.000 -9999.000 41.864 41.830 41.976 42.062 41.840 41.902 42.086 42.218 42.290 42.492 42.757 42.826 42.838 42.849 42.812 42.913 42.875 42.993 43.028 43.165 43.302 43.370 43.464 43.516 43.804 43.867 43.932 43.972 44.012 44.035 44.065 44.110 49.290 49.728 50.151 50.574 51.001 46.253 46.264 46.281 46.345 46.388 46.400 46.413 46.419 46.411 46.427 46.417 46.420 46.419 46.450 46.477 46.510 46.534 46.563 46.583 46.670 46.738 46.708 46.740 46.768 46.815 46.812 46.863 46.890 46.931 46.966 47.011 47.046 47.120 47.221 47.254 47.336 47.397 47.490 47.551 47.628 47.726 52.769 52.722 52.695 52.681 52.669 47.679 47.715 47.906 47.993 48.070 48.067 48.053 48.058 48.103 48.096 48.137 48.138 48.168 48.172 48.211 48.284 48.462 48.617 48.533 48.587 -9999.000
-9999.000 -9999.000 -9999.000 41.818 42.051 42.109 41.770 41.868 42.031 42.115 42.267 42.387 42.642 42.741 42.734 42.788 42.785 42.830 42.899 42.961 43.023 43.088 43.239 43.400 43.477 43.554 43.674 43.900 43.931 43.976 44.017 44.060 44.108 44.149 49.229 49.749 50.168 50.586 51.004 46.277 46.245 46.266 46.324 46.378 46.392 46.429 46.457 46.434 46.432 46.441 46.443 46.437 46.470 46.519 46.530 46.550 46.588 46.643 46.658 46.685 46.736 46.748 46.769 46.824 46.859 46.892 46.927 46.973 46.995 47.047 47.098 47.195 47.235 47.324 47.400 47.470 47.545 47.600 47.649 47.733 52.783 52.793 52.786 52.740 52.695 47.713 47.684 47.720 47.797 47.841 47.886 48.020 48.055 48.044 48.100 48.100 48.101 48.140 48.160 48.283 48.386 48.600 48.803 48.566 48.603 -9999.000
-9999.000 -9999.000 -9999.000 42.011 41.971 42.010 41.780 41.842 41.904 42.123 42.174 42.360 42.530 42.659 42.711 42.701 42.671 42.793 42.810 42.850 42.944 43.028 43.104 43.290 43.383 43.510 43.627 43.861 44.008 43.968 44.023 44.070 44.113 44.157 49.215 49.741 50.173 50.598 51.023 46.269 46.252 46.258 46.295 46.322 46.374 46.400 46.419 46.456 46.482 46.467 46.469 46.485 46.502 46.535 46.545 46.549 46.596 46.637 46.660 46.689 46.739 46.789 46.816 46.854 46.890 46.935 46.950 46.994 47.014 47.081 47.132 47.213 47.285 47.367 47.430 47.496 47.571 47.642 47.669 47.724 52.824 52.795 52.790 52.795 52.748 47.691 47.668 47.634 47.631 47.382 47.795 48.031 48.029 48.117 48.152 48.263 48.274 48.394 48.449 48.518 48.758 48.730 48.848 48.673 48.619 -9999.000
-9999.000 -9999.000 -9999.000 41.711 41.768 41.901 41.764 41.814 41.921 42.055 42.213 42.392 42.448 42.562 42.623 42.669 42.673 42.690 42.772 42.834 42.954 43.132 43.160 43.201 43.349 43.556 43.617 43.892 44.000 43.983 44.039 44.090 44.138 44.170 49.214 49.655 50.061 50.467 50.873 51.279 46.218 46.236 46.245 46.305 46.316 46.368 46.402 46.464 46.494 46.489 46.480 46.490 46.518 46.534 46.552 46.577 46.608 46.657 46.768 46.853 46.768 46.811 46.827 46.880 46.912 46.950 46.999 47.021 47.048 47.123 47.180 47.251 47.333 47.396 47.487 47.547 47.616 47.680 47.701 47.793 52.777 52.790 52.811 52.816 52.819 52.699 52.671 52.683 52.599 52.694 47.651 48.013 48.066 48.271 48.408 48.410 48.423 48.470 48.550 48.565 48.656 48.676 48.781 48.705 48.619 -9999.000
-9999.000 -9999.000 -9999.000 41.643 41.754 41.836 41.734 41.800 41.937 42.203 42.183 42.271 42.420 42.583 42.689 42.681 42.726 42.688 42.783 42.828 42.916 43.077 43.062 43.170 43.314 43.496 43.657 43.808 43.990 44.003 44.049 44.095 44.137 44.165 44.133 49.454 49.881 50.309 50.741 51.175 46.173 46.190 46.204 46.217 46.241 46.298 46.370 46.426 46.477 46.511 46.528 46.540 46.545 46.582 46.595 46.614 46.621 46.667 46.703 46.757 46.836 46.823 46.873 46.914 46.965 47.016 47.056 47.084 47.106 47.197 47.239 47.312 47.370 47.436 47.536 47.581 47.633 47.687 47.727 47.761 52.812 52.809 52.861 52.844 52.826 52.739 52.761 52.723 52.670 52.672 47.668 48.016 48.146 48.322 48.359 48.431 48.390 48.430 48.565 48.635 48.719 48.735 48.769 48.720 48.637 48.686
-9999.000 -9999.000 -9999.000 41.650 41.690 41.748 41.707 41.816 41.839 42.096 42.156 42.267 42.415 42.504 42.573 42.620 42.731 42.684 42.704 42.792 42.854 42.941 43.041 43.135 43.282 43.478 43.603 43.788 44.014 44.014 44.075 44.102 44.128 44.179 44.194 49.417 49.843 50.252 50.673 51.108 46.197 46.137 46.157 46.136 46.225 46.271 46.314 46.380 46.448 46.483 46.524 46.565 46.571 46.591 46.606 46.633 46.639 46.638 46.731 46.759 46.828 46.877 46.935 46.968 47.026 47.055 47.087 47.134 47.169 47.231 47.273 47.343 47.427 47.470 47.541 47.622 47.688 47.758 47.843 47.892 52.899 52.950 52.944 52.926 52.870 52.811 52.853 52.776 52.765 52.824 47.733 48.053 48.243 48.315 48.372 48.392 48.459 48.532 48.599 48.685 48.713 48.730 48.724 48.705 48.645 48.673
-9999.000 -9999.000 -9999.000 41.592 41.612 41.696 41.643 41.828 41.914 41.971 42.089 42.227 42.264 42.466 42.656 42.640 42.653 42.653 42.679 42.866 42.825 42.972 43.018 43.124 43.232 43.412 43.550 43.878 44.063 44.034 44.059 44.103 44.123 44.159 44.196 49.342 49.760 50.179 50.597 51.000 46.164 46.122 46.132 46.144 46.189 46.214 46.266 46.343 46.408 46.494 46.547 46.587 46.604 46.643 46.648 46.644 46.690 46.715 46.777 46.815 46.865 46.918 46.978 47.006 47.040 47.088 47.134 47.156 47.197 47.262 47.315 47.395 47.520 47.656 47.741 47.829 47.906 47.976 48.090 48.003 47.926 53.025 53.020 53.009 52.936 52.884 52.906 52.824 52.792 52.773 47.792 48.133 48.315 48.383 48.440 48.479 48.543 48.598 48.646 48.701 48.697 48.719 48.699 48.679 48.653 48.702
-9999.000 -9999.000 -9999.000 41.582 41.566 41.597 41.622 41.781 41.896 42.083 42.072 42.109 42.226 42.549 42.613 42.625 42.620 42.672 42.711 42.703 42.828 42.948 42.988 43.003 43.212 43.398 43.554 43.820 44.355 44.082 44.061 44.110 44.135 44.146 44.165 49.322 49.737 50.156 50.575 50.994 46.131 46.119 46.087 46.112 46.139 46.174 46.242 46.315 46.401 46.459 46.511 46.600 46.634 46.655 46.690 46.694 46.724 46.769 46.796 46.860 46.913 46.929 47.015 47.035 47.096 47.044 47.169 47.294 47.424 47.502 47.583 47.661 47.712 47.801 47.827 47.853 47.911 47.913 47.990 48.030 47.953 47.824 47.886 48.016 47.958 47.894 47.895 47.945 47.994 48.030 48.224 48.335 48.409 48.480 48.511 48.476 48.528 48.594 48.632 48.706 48.769 48.799 48.824 48.773 48.785 48.741
-9999.000 -9999.000 -9999.000 41.502 41.516 41.544 41.593 41.815 41.916 41.933 42.059 42.094 42.175 42.413 42.612 42.783 42.579 42.642 42.629 42.722 42.859 42.891 42.996 43.143 43.251 43.427 43.670 43.825 43.987 44.043 44.060 44.111 44.125 44.159 44.205 49.189 49.668 50.069 50.480 50.895 46.101 46.082 46.076 46.088 46.118 46.153 46.215 46.270 46.355 46.434 46.516 46.608 46.632 46.685 46.723 46.753 46.790 46.824 46.880 46.917 46.976 47.043 47.112 47.142 47.442 47.244 47.236 47.404 47.494 47.579 47.604 47.637 47.691 47.726 47.750 47.824 47.875 47.917 47.942 47.975 47.972 47.972 48.032 48.064 48.053 48.020 47.967 48.049 48.198 48.289 48.300 48.336 48.398 48.430 48.435 48.507 48.552 48.614 48.675 48.724 48.811 49.019 49.091 49.053 48.903 -9999.000
-9999.000 -9999.000 -9999.000 41.525 41.492 41.510 41.590 41.725 41.808 41.979 41.978 42.185 42.118 42.297 42.536 42.810 42.674 42.584 42.600 42.651 42.766 42.915 43.037 43.148 43.306 43.431 43.654 43.876 43.994 44.072 44.049 44.100 44.142 44.118 44.178 49.225 49.602 49.981 50.353 50.725 46.080 46.069 46.014 46.040 46.061 46.139 46.169 46.244 46.318 46.399 46.503 46.589 46.662 46.733 46.767 46.826 46.872 46.897 46.937 46.993 47.048 47.075 47.138 47.176 47.366 47.383 47.317 47.394 47.466 47.592 47.638 47.651 47.706 47.736 47.756 47.874 47.877 47.883 47.925 47.989 47.998 48.054 48.105 48.098 48.159 48.243 48.190 48.210 48.238 48.267 48.302 48.356 48.394 48.456 48.463 48.526 48.580 48.641 48.718 48.795 48.869 49.301 49.294 49.156 48.985 -9999.000
-9999.000 -9999.000 -9999.000 41.520 41.572 41.528 41.545 41.735 41.743 41.842 41.977 42.095 42.104 42.214 42.427 42.600 42.610 42.589 42.597 42.661 42.748 42.929 43.055 43.187 43.298 43.524 43.675 43.864 44.022 44.036 44.025 44.085 49.163 49.200 49.203 49.224 49.516 49.901 50.287 50.673 46.117 46.063 45.967 45.985 46.037 46.079 46.167 46.251 46.399 46.518 46.612 46.741 46.817 46.808 46.794 46.818 46.867 46.907 46.964 46.999 47.055 47.136 47.200 47.250 47.366 47.468 47.390 47.402 47.450 47.539 47.539 47.580 47.630 47.665 47.732 47.775 47.819 47.844 47.886 47.950 47.988 48.031 48.072 48.111 48.180 48.166 48.234 48.236 48.266 48.300 48.302 48.353 48.451 48.487 48.549 48.614 48.670 48.710 48.760 48.814 48.877 49.197 49.298 49.069 48.926 -9999.000
-9999.000 -9999.000 -9999.000 41.438 41.521 41.533 41.551 41.745 41.777 41.795 41.914 41.977 42.028 42.151 42.203 42.343 42.534 42.549 42.621 42.724 42.877 42.970 43.045 43.158 43.270 43.416 43.743 43.988 44.002 44.009 44.042 44.086 49.242 49.404 49.444 49.453 49.580 49.872 50.258 50.656 51.077 46.171 46.055 45.830 45.789 45.865 46.125 46.253 46.337 46.442 46.490 46.660 46.694 46.808 46.843 46.845 46.858 46.910 46.997 47.023 47.099 47.170 47.258 47.281 47.334 47.543 47.389 47.397 47.412 47.468 47.523 47.555 47.588 47.646 47.687 47.759 47.807 47.858 47.920 47.965 48.001 48.034 48.075 48.095 48.138 48.202 48.290 48.325 48.348 48.364 48.377 48.406 48.480 48.554 48.611 48.649 48.677 48.752 48.791 48.874 49.019 49.279 49.057 48.964 48.949 -9999.000
-9999.000 -9999.000 -9999.000 41.335 41.561 41.483 41.529 41.713 41.733 41.793 41.881 41.926 42.068 42.087 42.145 42.259 42.412 42.523 42.667 42.805 42.893 43.019 43.198 43.205 43.327 43.525 43.760 43.931 44.001 44.017 44.062 44.062 49.324 49.477 49.599 49.687 49.742 49.940 50.229 50.511 45.578 46.066 46.049 46.036 46.014 46.173 46.292 46.320 46.439 46.535 46.667 46.741 46.800 46.810 46.784 46.862 46.887 46.945 46.973 47.001 47.042 47.140 47.201 47.268 47.382 47.666 47.383 47.386 47.391 47.444 47.500 47.529 47.566 47.642 47.686 47.805 47.884 47.926 47.964 48.027 48.057 48.108 48.125 48.145 48.188 48.260 48.311 48.350 48.381 48.392 48.448 48.460 48.501 48.574 48.671 48.778 48.970 49.160 49.366 49.531 49.592 49.131 48.920 48.955 49.005 -9999.000
-9999.000 -9999.000 -9999.000 -9999.000 41.550 41.475 41.511 41.694 41.789 41.880 41.973 41.966 42.041 42.039 42.182 42.259 42.425 42.614 42.673 42.844 42.890 42.982 43.121 43.183 43.278 43.466 43.739 43.853 44.022 43.979 44.069 44.086 49.235 49.574 49.720 49.802 44.811 44.967 45.097 45.243 45.375 45.517 45.632 45.764 45.918 46.048 46.141 46.252 46.366 46.465 46.564 46.630 46.717 46.870 46.915 46.916 46.851 46.896 46.857 47.037 47.049 47.134 47.177 47.245 47.334 47.705 47.382 47.400 47.426 47.478 47.537 47.578 47.614 47.665 47.759 47.812 47.887 47.931 47.987 48.008 48.046 48.103 48.157 48.182 48.220 48.303 48.347 48.457 48.483 48.550 48.724 48.933 49.091 49.115 49.105 49.050 49.017 49.024 49.042 49.090 49.223 49.075 48.919 48.975 49.007 -9999.000
-9999.000 -9999.000 -9999.000 -9999.000 41.520 41.462 41.489 41.659 41.754 41.843 41.932 41.977 42.086 42.185 42.157 42.319 42.490 42.586 42.667 42.773 42.819 42.917 43.049 43.173 43.290 43.409 43.691 43.799 43.997 44.139 44.120 44.099 43.931 44.361 44.586 44.742 44.862 44.991 45.084 45.234 45.333 45.439 45.631 45.740 45.859 45.993 46.070 46.199 46.226 46.319 46.408 46.532 46.657 46.735 46.829 46.908 47.025 47.077 46.873 47.000 47.104 47.215 47.258 47.322 47.701 47.416 47.388 47.411 47.433 47.474 47.539 47.575 47.629 47.712 47.733 47.798 47.858 47.927 47.970 48.029 48.171 48.344 48.542 48.606 48.586 48.692 48.626 48.542 48.501 48.514 48.558 48.659 48.701 48.714 48.792 48.850 48.917 48.959 49.031 49.058 49.083 48.964 48.897 48.946 49.000 -9999.000
-9999.000 -9999.000 -9999.000 -9999.000 41.541 41.443 41.473 41.545 41.732 41.839 41.958 42.013 42.061 42.111 42.227 42.313 42.442 42.519 42.578 42.749 42.684 42.792 42.914 43.094 43.246 43.388 43.610 43.757 43.939 44.066 44.121 44.108 44.251 44.442 44.624 44.762 44.855 44.965 45.090 45.198 45.304 45.394 45.412 45.592 45.681 45.862 46.060 46.066 46.275 46.430 46.425 46.365 46.542 46.613 46.691 46.817 46.976 47.026 47.076 47.111 47.112 47.128 47.145 47.348 47.640 47.361 47.396 47.514 47.432 47.473 47.525 47.620 47.690 47.711 48.000 48.224 48.246 48.283 48.173 48.121 48.076 48.098 48.168 48.215 48.267 48.326 48.318 48.339 48.376 48.415 48.464 48.567 48.667 48.660 48.731 48.711 48.790 48.867 48.938 49.009 48.987 48.911 48.905 48.897 48.971 -9999.000
-9999.000 -9999.000 -9999.000 -9999.000 41.500 41.488 41.418 41.448 41.656 41.715 41.891 42.012 41.995 42.057 42.135 42.260 42.345 42.441 42.602 42.575 42.660 42.760 42.847 43.026 43.254 43.292 43.291 43.599 43.778 43.911 44.072 44.268 44.279 44.475 44.535 44.676 44.851 45.160 44.957 44.989 45.030 45.274 45.392 45.557 45.714 45.892 46.156 46.240 46.469 46.618 46.690 46.681 46.666 46.730 46.844 46.913 46.863 46.733 47.070 47.113 47.168 47.217 47.245 47.308 47.275 47.360 47.431 47.710 47.984 47.972 48.063 48.027 47.881 47.702 47.859 47.842 47.878 47.921 47.961 48.004 48.047 48.072 48.118 48.168 48.234 48.270 48.298 48.348 48.367 48.375 48.412 48.489 48.503 48.557 48.570 48.574 48.595 48.810 48.835 48.822 48.855 48.840 48.901 48.945 -9999.000 -9999.000
-9999.000 -9999.000 -9999.000 -9999.000 41.519 41.434 41.346 41.380 41.510 41.688 41.825 41.891 41.901 41.992 41.982 42.082 42.208 42.367 42.447 42.521 42.593 42.658 42.752 42.906 43.054 43.269 43.382 43.611 43.737 43.883 44.025 44.157 44.244 44.336 44.476 44.554 44.638 44.730 44.815 44.914 45.026 45.274 45.358 45.447 45.530 45.685 45.919 46.131 46.335 46.520 46.649 46.743 46.650 46.734 46.919 46.981 47.010 46.907 46.978 47.019 47.139 47.191 47.255 47.306 47.325 47.309 47.412 47.541 47.616 47.630 47.644 47.691 47.717 47.798 47.827 47.825 47.905 47.964 47.981 48.020 48.044 48.042 48.081 48.148 48.189 48.193 48.064 48.196 48.223 48.238 48.295 48.350 48.391 48.389 48.428 48.491 48.454 48.651 48.738 48.772 48.799 48.839 48.886 48.945 -9999.000 -9999.000
-9999.000 -9999.000 -9999.000 -9999.000 41.548 41.417 41.304 41.370 41.489 41.567 41.643 41.744 41.739 41.865 41.921 41.982 41.911 42.208 42.307 42.432 42.415 42.723 42.899 43.018 43.158 43.296 43.429 43.574 43.722 43.872 43.989 44.128 44.214 44.280 44.402 44.532 44.613 44.706 44.771 44.866 44.954 45.071 45.187 45.322 45.441 45.683 45.743 45.993 46.167 46.344 46.409 46.561 46.666 46.754 46.811 46.874 46.933 47.006 47.023 47.019 47.121 47.152 47.178 47.287 47.329 47.380 47.343 47.288 47.396 47.443 47.477 47.335 47.671 47.755 47.834 47.845 47.881 47.916 47.928 48.000 48.019 48.062 48.063 48.023 48.078 48.002 48.133 48.208 48.255 48.315 48.371 48.439 48.486 48.516 48.578 48.620 48.675 48.719 48.754 48.787 48.805 48.820 48.850 48.919 -9999.000 -9999.000
-9999.000 -9999.000 -9999.000 -9999.000 41.572 41.467 41.376 41.327 41.388 41.406 41.418 41.357 41.615 41.692 41.815 41.785 42.122 42.274 42.361 42.506 42.636 42.755 42.884 43.023 43.148 43.277 43.389 43.511 43.645 43.821 43.932 44.186 44.159 44.238 44.349 44.456 44.544 44.627 44.692 44.790 44.943 45.038 45.155 45.302 45.431 45.580 45.715 45.856 46.024 46.191 46.354 46.486 46.618 46.723 46.813 46.872 46.933 46.973 47.015 47.044 47.119 47.138 47.153 47.302 47.343 47.379 47.439 47.473 47.478 47.539 47.601 47.508 47.380 47.607 47.650 47.663 47.703 47.758 47.832 47.884 47.937 47.916 47.980 48.105 48.144 48.173 48.192 48.262 48.329 48.382 48.425 48.450 48.495 48.548 48.585 48.634 48.674 48.796 48.777 48.831 48.872 -9999.000 -9999.000 -9999.000 -9999.000 -9999.000
-9999.000 -9999.000 -9999.000 -9999.000 41.277 41.318 41.110 41.197 41.223 41.281 41.366 41.494 41.672 41.782 41.884 42.035 42.119 42.244 42.378 42.486 42.582 42.710 42.787 42.946 43.113 43.181 43.344 43.390 43.555 43.661 43.837 43.936 44.103 44.164 44.222 44.310 44.407 44.529 44.594 44.694 44.880 45.117 45.208 45.295 45.408 45.581 45.710 45.852 45.995 46.157 46.312 46.494 46.608 46.719 46.810 46.846 46.949 46.984 46.989 47.043 47.105 47.175 47.220 47.287 47.329 47.375 47.462 47.511 47.555 47.643 47.622 47.654 47.700 47.744 47.780 47.818 47.848 47.910 47.947 47.989 48.019 48.060 48.111 48.124 48.156 48.208 48.253 48.286 48.327 48.359 48.390 48.396 48.445 -9999.000 -9999.000 -9999.000 -9999.000 -9999.000 -9999.000 -9999.000 -9999.000 -9999.000 -9999.000 -9999.000 -9999.000 -9999.000
-9999.000 -9999.000 -9999.000 -9999.000 41.129 41.006 41.018 41.174 41.290 41.371 41.449 41.542 41.635 41.770 41.876 42.018 42.111 42.217 42.327 42.409 42.478 42.576 42.786 43.062 43.085 43.124 43.190 43.326 43.533 43.601 43.648 43.770 43.947 43.958 44.131 44.159 44.379 44.499 44.561 44.628 44.741 44.902 45.081 45.248 45.375 45.510 45.682 45.847 45.990 46.138 46.337 46.439 46.556 46.637 46.789 46.800 46.900 46.909 46.956 47.009 47.066 47.163 47.255 47.309 47.355 47.412 47.460 47.496 47.536 47.559 47.448 47.684 47.738 47.815 47.869 47.850 47.891 47.952 47.989 48.006 48.066 48.107 48.143 48.159 -9999.000 -9999.000 -9999.000 -9999.000 -9999.000 -9999.000 -9999.000 -9999.000 -9999.000 -9999.000 -9999.000 -9999.000 -9999.000 -9999.000 -9999.000 -9999.000 -9999.000 -9999.000 -9999.000 -9999.000 -9999.000 -9999.000
-9999.000 -9999.000 -9999.000 -9999.000 41.110 41.118 41.223 41.210 41.271 41.336 41.427 41.508 41.596 41.730 41.860 41.938 42.016 42.152 42.278 42.368 42.352 42.547 42.753 43.122 43.108 43.126 43.157 43.263 43.442 43.567 43.561 43.691 43.723 43.892 44.058 44.119 44.242 44.456 44.582 44.658 44.681 44.785 44.929 45.180 45.272 45.409 45.569 45.765 45.950 46.126 46.258 46.380 46.575 46.700 46.751 46.800 46.797 46.895 46.963 47.036 47.094 47.188 47.282 47.346 47.427 47.471 47.527 47.587 47.616 47.630 47.645 47.746 47.694 47.643 47.579 47.822 -9999.000 -9999.000 -9999.000 -9999.000 -9999.000 -9999.000 -9999.000 -9999.000 -9999.000 -9999.000 -9999.000 -9999.000 -9999.000 -9999.000 -9999.000 -9999.000 -9999.000 -9999.000 -9999.000 -9999.000 -9999.000 -9999.000 -9999.000 -9999.000 -9999.000 -9999.000 -9999.000 -9999.000 -9999.000 -9999.000
-9999.000 -9999.000 -9999.000 -9999.000 41.074 41.062 41.126 41.150 41.190 41.284 41.390 41.542 41.677 41.849 41.897 41.983 42.031 42.164 42.260 42.206 42.348 42.525 42.665 42.933 43.052 43.124 43.217 43.280 43.473 43.560 43.576 43.659 43.808 43.878 43.991 44.076 44.233 44.402 44.552 44.705 44.877 44.901 44.992 45.163 45.263 45.341 45.505 45.748 45.991 46.121 46.154 46.309 46.382 46.635 46.800 46.918 46.884 46.969 46.973 47.127 47.207 47.235 47.278 47.316 47.441 47.487 47.572 47.628 -9999.000 -9999.000 -9999.000 -9999.000 -9999.000 -9999.000 -9999.000 -9999.000 -9999.000 -9999.000 -9999.000 -9999.000 -9999.000 -9999.000 -9999.000 -9999.000 -9999.000 -9999.000 -9999.000 -9999.000 -9999.000 -9999.000 -9999.000 -9999.000 -9999.000 -9999.000 -9999.000 -9999.000 -9999.000 -9999.000 -9999.000 -9999.000 -9999.000 -9999.000 -9999.000 -9999.000 -9999.000 -9999.000
-9999.000 -9999.000 -9999.000 -9999.000 -9999.000 41.162 41.123 41.189 41.199 41.337 41.507 41.663 41.813 41.921 41.982 41.950 42.016 42.089 42.149 42.252 42.290 42.468 42.595 42.850 43.001 43.100 43.168 43.310 43.418 43.534 43.595 43.680 43.794 43.924 44.061 44.099 44.188 44.434 44.492 44.684 44.991 44.983 45.059 45.226 45.326 45.373 45.545 45.799 45.991 46.086 46.225 46.301 46.360 46.450 46.626 46.842 46.913 46.992 47.020 47.078 -9999.000 -9999.000 -9999.000 -9999.000 -9999.000 -9999.000 -9999.000 -9999.000 -9999.000 -9999.000 -9999.000 -9999.000 -9999.000 -9999.000 -9999.000 -9999.000 -9999.000 -9999.000 -9999.000 -9999.000 -9999.000 -9999.000 -9999.000 -9999.000 -9999.000 -9999.000 -9999.000 -9999.000 -9999.000 -9999.000 -9999.000 -9999.000 -9999.000 -9999.000 -9999.000 -9999.000 -9999.000 -9999.000 -9999.000 -9999.000 -9999.000 -9999.000 -9999.000 -9999.000 -9999.000 -9999.000
-9999.000 -9999.000 -9999.000 -9999.000 -9999.000 41.277 41.174 41.142 41.195 41.358 41.527 41.660 41.756 41.820 41.882 41.968 42.010 42.077 42.143 42.236 42.341 42.367 42.533 42.750 42.917 43.071 43.158 43.314 43.460 43.557 43.643 43.681 43.802 43.927 44.015 44.063 44.153 44.338 44.433 44.584 44.797 44.963 45.114 45.266 45.332 45.439 45.679 45.879 45.982 46.081 46.223 46.351 -9999.000 -9999.000 -9999.000 -9999.000 -9999.000 -9999.000 -9999.000 -9999.000 -9999.000 -9999.000 -9999.000 -9999.000 -9999.000 -9999.000 -9999.000 -9999.000 -9999.000 -9999.000 -9999.000 -9999.000 -9999.000 -9999.000 -9999.000 -9999.000 -9999.000 -9999.000 -9999.000 -9999.000 -9999.000 -9999.000 -9999.000 -9999.000 -9999.000 -9999.000 -9999.000 -9999.000 -9999.000 -9999.000 -9999.000 -9999.000 -9999.000 -9999.000 -9999.000 -9999.000 -9999.000 -9999.000 -9999.000 -9999.000 -9999.000 -9999.000 -9999.000 -9999.000 -9999.000 -9999.000
-9999.000 -9999.000 -9999.000 -9999.000 -9999.000 41.351 41.163 41.142 41.221 41.323 41.466 41.573 41.660 41.720 41.779 41.910 42.053 42.076 42.083 42.202 42.357 42.430 42.485 42.643 42.869 42.963 43.116 43.304 43.441 43.559 43.665 43.728 43.889 43.951 44.013 44.113 44.115 44.238 44.369 44.579 44.787 45.009 45.211 45.354 -9999.000 -9999.000 -9999.000 -9999.000 -9999.000 -9999.000 -9999.000 -9999.000 -9999.000 -9999.000 -9999.000 -9999.000 -9999.000 -9999.000 -9999.000 -9999.000 -9999.000 -9999.000 -9999.000 -9999.000 -9999.000 -9999.000 -9999.000 -9999.000 -9999.000 -9999.000 -9999.000 -9999.000 -9999.000 -9999.000 -9999.000 -9999.000 -9999.000 -9999.000 -9999.000 -9999.000 -9999.000 -9999.000 -9999.000 -9999.000 -9999.000 -9999.000 -9999.000 -9999.000 -9999.000 -9999.000 -9999.000 -9999.000 -9999.000 -9999.000 -9999.000 -9999.000 -9999.000 -9999.000 -9999.000 -9999.000 -9999.000 -9999.000 -9999.000 -9999.000 -9999.000 -9999.000
-9999.000 -9999.000 -9999.000 -9999.000 -9999.000 41.291 41.207 41.098 41.228 41.279 41.452 41.529 41.632 41.674 41.773 41.902 41.992 42.050 42.101 42.118 42.263 42.444 42.507 42.599 42.821 43.020 43.197 43.309 43.416 43.656 43.680 43.771 43.848 43.955 44.013 44.095 -9999.000 -9999.000 -9999.000 -9999.000 -9999.000 -9999.000 -9999.000 -9999.000 -9999.000 -9999.000 -9999.000 -9999.000 -9999.000 -9999.000 -9999.000 -9999.000 -9999.000 -9999.000 -9999.000 -9999.000 -9999.000 -9999.000 -9999.000 -9999.000 -9999.000 -9999.000 -9999.000 -9999.000 -9999.000 -9999.000 -9999.000 -9999.000 -9999.000 -9999.000 -9999.000 -9999.000 -9999.000 -9999.000 -9999.000 -9999.000 -9999.000 -9999.000 -9999.000 -9999.000 -9999.000 -9999.000 -9999.000 -9999.000 -9999.000 -9999.000 -9999.000 -9999.000 -9999.000 -9999.000 -9999.000 -9999.000 -9999.000 -9999.000 -9999.000 -9999.000 -9999.000 -9999.000 -9999.000 -9999.000 -9999.000 -9999.000 -9999.000 -9999.000 -9999.000 -9999.000
-9999.000 -9999.000 -9999.000 -9999.000 -9999.000 41.265 41.305 41.174 41.148 41.230 41.375 41.501 41.760 41.651 41.783 41.891 41.999 42.018 42.051 42.110 42.195 42.362 42.468 42.541 42.691 42.952 43.157 43.358 -9999.000 -9999.000 -9999.000 -9999.000 -9999.000 -9999.000 -9999.000 -9999.000 -9999.000 -9999.000 -9999.000 -9999.000 -9999.000 -9999.000 -9999.000 -9999.000 -9999.000 -9999.000 -9999.000 -9999.000 -9999.000 -9999.000 -9999.000 -9999.000 -9999.000 -9999.000 -9999.000 -9999.000 -9999.000 -9999.000 -9999.000 -9999.000 -9999.000 -9999.000 -9999.000 -9999.000 -9999.000 -9999.000 -9999.000 -9999.000 -9999.000 -9999.000 -9999.000 -9999.000 -9999.000 -9999.000 -9999.000 -9999.000 -9999.000 -9999.000 -9999.000 -9999.000 -9999.000 -9999.000 -9999.000 -9999.000 -9999.000 -9999.000 -9999.000 -9999.000 -9999.000 -9999.000 -9999.000 -9999.000 -9999.000 -9999.000 -9999.000 -9999.000 -9999.000 -9999.000 -9999.000 -9999.000 -9999.000 -9999.000 -9999.000 -9999.000 -9999.000 -9999.000
-9999.000 -9999.000 -9999.000 -9999.000 -9999.000 41.249 41.369 41.164 41.164 41.187 41.334 41.481 41.582 41.675 41.730 41.826 41.932 41.988 42.066 42.129 -9999.000 -9999.000 -9999.000 -9999.000 -9999.000 -9999.000 -9999.000 -9999.000 -9999.000 -9999.000 -9999.000 -9999.000 -9999.000 -9999.000 -9999.000 -9999.000 -9999.000 -9999.000 -9999.000 -9999.000 -9999.000 -9999.000 -9999.000 -9999.000 -9999.000 -9999.000 -9999.000 -9999.000 -9999.000 -9999.000 -9999.000 -9999.000 -9999.000 -9999.000 -9999.000 -9999.000 -9999.000 -9999.000 -9999.000 -9999.000 -9999.000 -9999.000 -9999.000 -9999.000 -9999.000 -9999.000 -9999.000 -9999.000 -9999.000 -9999.000 -9999.000 -9999.000 -9999.000 -9999.000 -9999.000 -9999.000 -9999.000 -9999.000 -9999.000 -9999.000 -9999.000 -9999.000 -9999.000 -9999.000 -9999.000 -9999.000 -9999.000 -9999.000 -9999.000 -9999.000 -9999.000 -9999.000 -9999.000 -9999.000 -9999.000 -9999.000 -9999.000 -9999.000 -9999.000 -9999.000 -9999.000 -9999.000 -9999.000 -9999.000 -9999.000 -9999.000
-9999.000 -9999.000 -9999.000 -9999.000 -9999.000 41.265 41.396 41.231 41.175 41.172 41.328 41.453 -9999.000 -9999.000 -9999.000 -9999.000 -9999.000 -9999.000 -9999.000 -9999.000 -9999.000 -9999.000 -9999.000 -9999.000 -9999.000 -9999.000 -9999.000 -9999.000 -9999.000 -9999.000 -9999.000 -9999.000 -9999.000 -9999.000 -9999.000 -9999.000 -9999.000 -9999.000 -9999.000 -9999.000 -9999.000 -9999.000 -9999.000 -9999.000 -9999.000 -9999.000 -9999.000 -9999.000 -9999.000 -9999.000 -9999.000 -9999.000 -9999.000 -9999.000 -9999.000 -9999.000 -9999.000 -9999.000 -9999.000 -9999.000 -9999.000 -9999.000 -9999.000 -9999.000 -9999.000 -9999.000 -9999.000 -9999.000 -9999.000 -9999.000 -9999.000 -9999.000 -9999.000 -9999.000 -9999.000 -9999.000 -9999.000 -9999.000 -9999.000 -9999.000 -9999.000 -9999.000 -9999.000 -9999.000 -9999.000 -9999.000 -9999.000 -9999.000 -9999.000 -9999.000 -9999.000 -9999.000 -9999.000 -9999.000 -9999.000 -9999.000 -9999.000 -9999.000 -9999.000 -9999.000 -9999.000 -9999.000 -9999.000 -9999.000 -9999.000 -9999.000
